	t	I	Ewe	Cycle
0	0.11718000177643262	2.9435284432111075e-07	0.3786246180534363	0
1	0.21753000329772476	5.3233947028275e-07	0.3805391788482666	0
2	0.3179250048196991	6.937846706023265e-07	0.38253796100616455	0
3	0.41832000634167343	8.498247439092665e-07	0.38453832268714905	0
4	0.5186700078629656	9.84352368504915e-07	0.38643893599510193	0
5	0.6190650093849399	1.074265242095862e-06	0.3885490298271179	0
6	0.719415010906232	1.2292304063521442e-06	0.39055341482162476	0
7	0.8198100124282064	1.3855444649379933e-06	0.3925781548023224	0
8	0.9201600139494985	1.5424537878061528e-06	0.39455848932266235	0
9	1.0205550154714729	1.7097756881412352e-06	0.39657220244407654	0
10	1.120905016992765	1.88381773114088e-06	0.39857956767082214	0
11	1.2213000185147393	2.0627551293728175e-06	0.4005796015262604	0
12	1.3216500200360315	2.2538556549989153e-06	0.40258076786994934	0
13	1.4220450215580058	2.4516698431398254e-06	0.40459954738616943	0
14	1.5224400230799802	2.6627926672517788e-06	0.40660232305526733	0
15	1.6227900246012723	2.87896727968473e-06	0.4086211621761322	0
16	1.7231850261232466	3.100008598266868e-06	0.41062405705451965	0
17	1.8235350276445388	3.3373526093782857e-06	0.412639856338501	0
18	1.9239300291665131	3.5779632980847964e-06	0.4146445095539093	0
19	2.0242800306878053	3.830334662779933e-06	0.41664180159568787	0
20	2.1246750322097796	4.094806627108483e-06	0.4186512231826782	0
21	2.2250250337310717	4.365415861684596e-06	0.4206503927707672	0
22	2.325420035253046	4.6439081415883265e-06	0.4226429760456085	0
23	2.4257700367743382	4.933193849865347e-06	0.4246571362018585	0
24	2.5261650382963126	5.222349500400014e-06	0.4266481101512909	0
25	2.626560039818287	5.531758688448463e-06	0.42865538597106934	0
26	2.726910041339579	5.8422197071195114e-06	0.43065881729125977	0
27	2.8273050428615534	6.1587238633364905e-06	0.43265992403030396	0
28	2.9276550443828455	6.48646800982533e-06	0.434678852558136	0
29	3.02805004590482	6.809293154219631e-06	0.4366725981235504	0
30	3.128400047426112	7.139334229577798e-06	0.4386853873729706	0
31	3.2287950489480863	7.475937309209257e-06	0.44069960713386536	0
32	3.3291450504693785	7.800408639013767e-06	0.4426913857460022	0
33	3.429540051991353	8.139167221088428e-06	0.4446968138217926	0
34	3.529935053513327	8.468077794532292e-06	0.4467044472694397	0
35	3.6302850550346193	8.796258953225333e-06	0.44871610403060913	0
36	3.7306800565565936	9.119987225858495e-06	0.4507322311401367	0
37	3.8310300580778858	9.431678336113691e-06	0.4527440369129181	0
38	3.93142505959986	9.744635462993756e-06	0.4547369182109833	0
39	4.031775061121152	1.0041065252153203e-05	0.4567491114139557	0
40	4.132170062643127	1.0325953553547151e-05	0.4587530791759491	0
41	4.232520064164419	1.0561181625234894e-05	0.46078068017959595	0
42	4.332915065686393	1.0851442311832216e-05	0.4627777934074402	0
43	4.433265067207685	1.110822722694138e-05	0.4647841453552246	0
44	4.5336600687296595	1.1338495824020356e-05	0.4667883813381195	0
45	4.634055070251634	1.1558916412468534e-05	0.4687914252281189	0
46	4.734405071772926	1.1781963621615432e-05	0.4708223044872284	0
47	4.8348000732949	1.1968550097662956e-05	0.4728432893753052	0
48	4.9351500748161925	1.2131336916354485e-05	0.4748508930206299	0
49	5.035545076338167	1.2281656381674111e-05	0.4768627882003784	0
50	5.135895077859459	1.2407021131366491e-05	0.47887176275253296	0
51	5.236290079381433	1.2516063179646153e-05	0.4808657169342041	0
52	5.3366400809027255	1.2614840670721605e-05	0.48288437724113464	0
53	5.4370350824247	1.2690137737081386e-05	0.4848945140838623	0
54	5.537385083945992	1.2745215826726053e-05	0.48688995838165283	0
55	5.637780085467966	1.2789669199264608e-05	0.48889967799186707	0
56	5.738175086989941	1.2813648027076852e-05	0.49089837074279785	0
57	5.838525088511233	1.2834313565690536e-05	0.4929211437702179	0
58	5.938920090033207	1.2829696061089635e-05	0.4949299097061157	0
59	6.039270091554499	1.2813584362447727e-05	0.49693620204925537	0
60	6.139665093076474	1.2785059880116023e-05	0.4989471733570099	0
61	6.240015094597766	1.2740112651954405e-05	0.5009478330612183	0
62	6.34041009611974	1.2685452929872554e-05	0.5029522776603699	0
63	6.440760097641032	1.262528712686617e-05	0.5049599409103394	0
64	6.5411550991630065	1.2551518921100069e-05	0.5069633722305298	0
65	6.641550100684981	1.2472782145778183e-05	0.508971631526947	0
66	6.741900102206273	1.2386728485580534e-05	0.5109707713127136	0
67	6.842295103728247	1.2292833162064198e-05	0.5129696726799011	0
68	6.9426451052495395	1.2196426723676268e-05	0.5149688720703125	0
69	7.043040106771514	1.20973845696426e-05	0.5169815421104431	0
70	7.143390108292806	1.1993205589533318e-05	0.5189914703369141	0
71	7.24378510981478	1.1886302672792226e-05	0.5209913849830627	0
72	7.344135111336072	1.1776317478506826e-05	0.522994339466095	0
73	7.444530112858047	1.1666423233691603e-05	0.5250020027160645	0
74	7.544880114379339	1.1554402590263635e-05	0.5270152688026428	0
75	7.645275115901313	1.144177804235369e-05	0.5290226936340332	0
76	7.745670117423288	1.1329329936415888e-05	0.5310372710227966	0
77	7.84602011894458	1.1216547136427835e-05	0.5330466628074646	0
78	7.946415120466554	1.110454832087271e-05	0.5350532531738281	0
79	8.046765121987846	1.0994819604093209e-05	0.5370672345161438	0
80	8.14716012350982	1.0880565241677687e-05	0.5390676856040955	0
81	8.247510125031113	1.0772692803584505e-05	0.5410889387130737	0
82	8.347905126553087	1.0663887223927304e-05	0.5430874824523926	0
83	8.44825512807438	1.0556430424912833e-05	0.5450925827026367	0
84	8.548650129596354	1.0450793524796609e-05	0.5470970869064331	0
85	8.649000131117646	1.0347676834498998e-05	0.54911208152771	0
86	8.74939513263962	1.0246858437312767e-05	0.55110764503479	0
87	8.849790134161594	1.014754525385797e-05	0.5531154870986938	0
88	8.950140135682886	1.0050992386823054e-05	0.5551229119300842	0
89	9.05053513720486	9.95840036921436e-06	0.5571588277816772	0
90	9.150885138726153	9.865063475444913e-06	0.5591725707054138	0
91	9.251280140248127	9.772788871487137e-06	0.5611875057220459	0
92	9.35163014176942	9.682999916549306e-06	0.5631873607635498	0
93	9.452025143291394	9.595053597877268e-06	0.5651988387107849	0
94	9.552375144812686	9.51008860283764e-06	0.5672070980072021	0
95	9.65277014633466	9.426853466720786e-06	0.5692179203033447	0
96	9.753120147855952	9.345868420496117e-06	0.5712326169013977	0
97	9.853515149377927	9.26667416933924e-06	0.5732325315475464	0
98	9.953910150899901	9.190405762637965e-06	0.5752348899841309	0
99	10.054260152421193	9.115495231526438e-06	0.5772415995597839	0
100	10.154655153943168	9.041380508278962e-06	0.5792600512504578	0
101	10.25500515546446	8.969937880465295e-06	0.5812644958496094	0
102	10.355400156986434	8.901556611817796e-06	0.583263099193573	0
103	10.455750158507726	8.831979357637465e-06	0.5852788686752319	0
104	10.5561451600297	8.765740858507343e-06	0.5872878432273865	0
105	10.656495161550993	8.70122039486887e-06	0.5892954468727112	0
106	10.756890163072967	8.639120096631814e-06	0.591307520866394	0
107	10.857285164594941	8.578238521295134e-06	0.593299388885498	0
108	10.957635166116233	8.517718015355058e-06	0.5953060984611511	0
109	11.058030167638208	8.460014214506373e-06	0.597317636013031	0
110	11.1583801691595	8.402312232647091e-06	0.5992993712425232	0
111	11.258775170681474	8.347920811502263e-06	0.6013063192367554	0
112	11.359125172202766	8.292493475892115e-06	0.6033019423484802	0
113	11.45952017372474	8.240805073000956e-06	0.6053271293640137	0
114	11.559870175246033	8.188960237021092e-06	0.6073405146598816	0
115	11.660265176768007	8.139632882375736e-06	0.609340488910675	0
116	11.7606151782893	8.091065865301061e-06	0.6113548278808594	0
117	11.861010179811274	8.044288733799476e-06	0.6133572459220886	0
118	11.961405181333248	7.998476576176472e-06	0.6153597235679626	0
119	12.06175518285454	7.952564374136273e-06	0.6173789501190186	0
120	12.162150184376515	7.9091278166743e-06	0.6193846464157104	0
121	12.262500185897807	7.865765837777872e-06	0.6213998794555664	0
122	12.362895187419781	7.824380190868396e-06	0.6233991980552673	0
123	12.463245188941073	7.782811735523865e-06	0.6254106760025024	0
124	12.563640190463047	7.74260661273729e-06	0.6274201273918152	0
125	12.66399019198434	7.703783921897411e-06	0.6294296383857727	0
126	12.764385193506314	7.664983058930375e-06	0.6314188838005066	0
127	12.864735195027606	7.62819399824366e-06	0.6334400177001953	0
128	12.96513019654958	7.59197700972436e-06	0.6354486346244812	0
129	13.065525198071555	7.555465799669037e-06	0.6374528408050537	0
130	13.165875199592847	7.520168310293229e-06	0.6394577622413635	0
131	13.266270201114821	7.4859981396002695e-06	0.6414699554443359	0
132	13.366620202636113	7.452704267052468e-06	0.6435105800628662	0
133	13.467015204158088	7.419852408929728e-06	0.6455167531967163	0
134	13.56736520567938	7.386935521935811e-06	0.6475287675857544	0
135	13.667760207201354	7.355348316195887e-06	0.649535059928894	0
136	13.768110208722646	7.32555554350256e-06	0.651535153388977	0
137	13.86850521024462	7.293969702004688e-06	0.653542697429657	0
138	13.968855211765913	7.26527423466905e-06	0.6555567979812622	0
139	14.069250213287887	7.235768862301484e-06	0.6575515866279602	0
140	14.169645214809861	7.207851012935862e-06	0.6595522165298462	0
141	14.269995216331154	7.17955344953225e-06	0.6615568995475769	0
142	14.370390217853128	7.152090347517515e-06	0.6635756492614746	0
143	14.47074021937442	7.126523996703327e-06	0.6655904054641724	0
144	14.571135220896394	7.1001859396346845e-06	0.6676045656204224	0
145	14.671485222417687	7.073827418935252e-06	0.669612467288971	0
146	14.771880223939661	7.048341558402171e-06	0.6716153621673584	0
147	14.872230225460953	7.022953923296882e-06	0.6736217737197876	0
148	14.972625226982927	6.999758625170216e-06	0.6756250262260437	0
149	15.073020228504902	6.9750035436300095e-06	0.6776356101036072	0
150	15.173370230026194	6.9520451688731555e-06	0.6796475648880005	0
151	15.273765231548168	6.929869414307177e-06	0.6816419363021851	0
152	15.37411523306946	6.9059356064826716e-06	0.6836538314819336	0
153	15.474510234591435	6.883214155095629e-06	0.6856637001037598	0
154	15.574860236112727	6.861205747554777e-06	0.6876747012138367	0
155	15.675255237634701	6.8398721850826405e-06	0.689673125743866	0
156	15.775605239155993	6.818322617618833e-06	0.6916934847831726	0
157	15.876000240677968	6.797125479351962e-06	0.6937035322189331	0
158	15.97635024219926	6.777587714168476e-06	0.6957027316093445	0
159	16.076745243721234	6.75669070915319e-06	0.6977218389511108	0
160	16.17714024524321	6.736281648045406e-06	0.699724018573761	0
161	16.2774902467645	6.717819815094117e-06	0.701726496219635	0
162	16.377885248286475	6.696788204862969e-06	0.7037318348884583	0
163	16.478235249807767	6.678999852738343e-06	0.7057419419288635	0
164	16.57863025132974	6.658790425717598e-06	0.7077106833457947	0
165	16.678980252851034	6.6362777033646125e-06	0.7097437977790833	0
166	16.779375254373008	6.617678991460707e-06	0.7117568254470825	0
167	16.8797252558943	6.60080331726931e-06	0.7137758135795593	0
168	16.980120257416274	6.582015430467436e-06	0.7157717943191528	0
169	17.080470258937567	6.565929197677178e-06	0.7177807688713074	0
170	17.18086526045954	6.549074896611273e-06	0.7197883129119873	0
171	17.281260261981515	6.531309736601543e-06	0.7217889428138733	0
172	17.381610263502807	6.515424047393026e-06	0.7237985134124756	0
173	17.48200526502478	6.498287802969571e-06	0.7257934808731079	0
174	17.582355266546074	6.482462595158722e-06	0.7278400659561157	0
175	17.682750268068048	6.4665723584766965e-06	0.7298535704612732	0
176	17.78310026958934	6.451032732002204e-06	0.7318609952926636	0
177	17.883495271111315	6.435832801798824e-06	0.7338863015174866	0
178	17.983845272632607	6.420238605642226e-06	0.7358826994895935	0
179	18.08424027415458	6.404918167390861e-06	0.7378823161125183	0
180	18.184590275675873	6.390354428731371e-06	0.7398916482925415	0
181	18.284985277197848	6.375810244207969e-06	0.7418889999389648	0
182	18.385380278719822	6.361805844790069e-06	0.7438966631889343	0
183	18.485730280241114	6.346203008433804e-06	0.7459107041358948	0
184	18.58612528176309	6.332504653983051e-06	0.7479066252708435	0
185	18.68647528328438	6.318124178505968e-06	0.7499191761016846	0
186	18.786870284806355	6.304755515884608e-06	0.7519457936286926	0
187	18.887220286327647	6.290984856605064e-06	0.7539470195770264	0
188	18.98761528784962	6.27804001851473e-06	0.7559562921524048	0
189	19.087965289370914	6.265383944992209e-06	0.7579686045646667	0
190	19.188360290892888	6.252519142435631e-06	0.7599684000015259	0
191	19.288755292414862	6.238993137230864e-06	0.7619901299476624	0
192	19.389105293936154	6.2266458371595945e-06	0.7639859318733215	0
193	19.48950029545813	6.213510005181888e-06	0.7659986615180969	0
194	19.58985029697942	6.200800726219313e-06	0.7680052518844604	0
195	19.690245298501395	6.188766747072805e-06	0.7699844241142273	0
196	19.790595300022687	6.176333954499569e-06	0.7719843983650208	0
197	19.89099030154466	6.164147634990513e-06	0.7739930152893066	0
198	19.991340303065954	6.152207788545638e-06	0.7759960293769836	0
199	20.091735304587928	6.1411724345816765e-06	0.77800053358078	0
200	20.19208530610922	6.128557743068086e-06	0.7800101637840271	0
201	20.292480307631195	6.116839358583093e-06	0.7820301651954651	0
202	20.39287530915317	6.106377441028599e-06	0.7840403914451599	0
203	20.49322531067446	6.094046511861961e-06	0.7860497832298279	0
204	20.593620312196435	6.082901109039085e-06	0.7880478501319885	0
205	20.693970313717728	6.071927600714844e-06	0.7900475263595581	0
206	20.794365315239702	6.061869044060586e-06	0.792065441608429	0
207	20.894715316760994	6.050293450243771e-06	0.7940794825553894	0
208	20.99511031828297	6.04032038609148e-06	0.7960831522941589	0
209	21.09546031980426	6.029273663443746e-06	0.798093318939209	0
210	21.162375320818683	6.019456577632809e-06	0.7997584939002991	0
211	21.262725322339975	5.992808837618213e-06	0.7997636795043945	0
212	21.36312032386195	5.9586623137874994e-06	0.7977536916732788	0
213	21.46347032538324	5.93458298681071e-06	0.7957495450973511	0
214	21.563865326905216	5.912910182814812e-06	0.7937473058700562	0
215	21.664215328426508	5.892059562029317e-06	0.791718602180481	0
216	21.764610329948482	5.873539976164466e-06	0.7897181510925293	0
217	21.865005331470456	5.855422386957798e-06	0.7877066135406494	0
218	21.96535533299175	5.839214736624854e-06	0.7857028841972351	0
219	22.065750334513723	5.821553713758476e-06	0.7836993336677551	0
220	22.166100336035015	5.806382887385553e-06	0.7816837430000305	0
221	22.26649533755699	5.790415343653876e-06	0.7796714305877686	0
222	22.36684533907828	5.774568762717536e-06	0.7776645421981812	0
223	22.467240340600256	5.759182840847643e-06	0.7756549715995789	0
224	22.567590342121548	5.745359430875396e-06	0.7736499309539795	0
225	22.667985343643522	5.730630618927535e-06	0.7716475129127502	0
226	22.768335345164814	5.7168126659234986e-06	0.7696495652198792	0
227	22.86873034668679	5.701779627997894e-06	0.7676559090614319	0
228	22.969125348208763	5.68878340345691e-06	0.7656511068344116	0
229	23.069475349730055	5.674593921867199e-06	0.7636406421661377	0
230	23.16987035125203	5.661554496327881e-06	0.7616365551948547	0
231	23.270220352773322	5.648079877573764e-06	0.7596111297607422	0
232	23.370615354295296	5.635525667457841e-06	0.7576167583465576	0
233	23.47096535581659	5.621689069812419e-06	0.7556252479553223	0
234	23.571360357338563	5.609847448795335e-06	0.7536056637763977	0
235	23.671710358859855	5.597022209258284e-06	0.7516021728515625	0
236	23.77210536038183	5.584963219007477e-06	0.7495869994163513	0
237	23.87245536190312	5.5722807701386046e-06	0.7475706934928894	0
238	23.972850363425096	5.560406407312257e-06	0.7455740571022034	0
239	24.07324536494707	5.548808530875249e-06	0.7435673475265503	0
240	24.173595366468362	5.53673316971981e-06	0.7415598630905151	0
241	24.273990367990336	5.525157575902995e-06	0.7395585179328918	0
242	24.37434036951163	5.513934411283117e-06	0.7375498414039612	0
243	24.474735371033603	5.503175998455845e-06	0.7355465888977051	0
244	24.575085372554895	5.490835519594839e-06	0.7335298657417297	0
245	24.67548037407687	5.480860636453144e-06	0.7315282821655273	0
246	24.77583037559816	5.469201369123766e-06	0.7295219898223877	0
247	24.876225377120136	5.457759471028112e-06	0.7274898290634155	0
248	24.976575378641428	5.447574039862957e-06	0.7254681587219238	0
249	25.076970380163402	5.437410891317995e-06	0.7234656810760498	0
250	25.177365381685377	5.426776624517515e-06	0.7214529514312744	0
251	25.27771538320667	5.416159638116369e-06	0.7194546461105347	0
252	25.378110384728643	5.405443062045379e-06	0.7174428701400757	0
253	25.478460386249935	5.395547759690089e-06	0.7154383659362793	0
254	25.57885538777191	5.385122676671017e-06	0.7134221196174622	0
255	25.6792053892932	5.3752351050206926e-06	0.7114170789718628	0
256	25.779600390815176	5.365404376789229e-06	0.7094244360923767	0
257	25.879950392336468	5.355351277103182e-06	0.7074150443077087	0
258	25.980345393858443	5.3454518820217345e-06	0.7053933143615723	0
259	26.080740395380417	5.33504635313875e-06	0.7033832669258118	0
260	26.18109039690171	5.3258377192832995e-06	0.701373815536499	0
261	26.281485398423683	5.316638180374866e-06	0.6993681192398071	0
262	26.381835399944976	5.306647835823242e-06	0.6973621845245361	0
263	26.48223040146695	5.296757080941461e-06	0.6953420639038086	0
264	26.582580402988242	5.2877589951094706e-06	0.6933438181877136	0
265	26.682975404510216	5.278649496176513e-06	0.6913319230079651	0
266	26.78332540603151	5.269565463095205e-06	0.6893262267112732	0
267	26.883720407553483	5.259880254016025e-06	0.6873143315315247	0
268	26.984070409074775	5.25039240528713e-06	0.6852986216545105	0
269	27.08446541059675	5.241559847490862e-06	0.6832908987998962	0
270	27.184860412118724	5.232412604527781e-06	0.6812787055969238	0
271	27.285210413640016	5.223558673606021e-06	0.6792817711830139	0
272	27.38560541516199	5.213842996454332e-06	0.677283763885498	0
273	27.485955416683282	5.205848083278397e-06	0.6752747297286987	0
274	27.586350418205257	5.196936854190426e-06	0.6732649207115173	0
275	27.68670041972655	5.187020178709645e-06	0.671251118183136	0
276	27.787095421248523	5.1785782488877885e-06	0.6692546010017395	0
277	27.887445422769815	5.1691058615688235e-06	0.6672430634498596	0
278	27.98784042429179	5.160458840691717e-06	0.6652399301528931	0
279	28.08819042581308	5.151787263457663e-06	0.6632252335548401	0
280	28.188585427335056	5.142263944435399e-06	0.6612147092819214	0
281	28.28898042885703	5.133719696459593e-06	0.659214198589325	0
282	28.389330430378322	5.124735253048129e-06	0.6572008728981018	0
283	28.489725431900297	5.116622560308315e-06	0.6551954746246338	0
284	28.59007543342159	5.106627668283181e-06	0.653194010257721	0
285	28.690470434943563	5.098300334793748e-06	0.6511843800544739	0
286	28.790820436464855	5.089313162898179e-06	0.6491780877113342	0
287	28.89121543798683	5.080094069853658e-06	0.6471697688102722	0
288	28.991565439508122	5.071180112281581e-06	0.6451717019081116	0
289	29.091960441030096	5.0623661991267e-06	0.6431501507759094	0
290	29.19231044255139	5.052484084444586e-06	0.6411120295524597	0
291	29.292705444073363	5.043040346208727e-06	0.6390945911407471	0
292	29.393100445595337	5.034245077695232e-06	0.6370896697044373	0
293	29.49345044711663	5.02500506627257e-06	0.63508540391922	0
294	29.593845448638604	5.0153053052781615e-06	0.6330780386924744	0
295	29.694195450159896	5.006036644772394e-06	0.6310586929321289	0
296	29.79459045168187	4.996461939299479e-06	0.6290674805641174	0
297	29.894940453203162	4.986116891814163e-06	0.6270526051521301	0
298	29.995335454725137	4.975821866537444e-06	0.6250380277633667	0
299	30.09568545624643	4.964864729117835e-06	0.6230375170707703	0
300	30.196080457768403	4.954635187459644e-06	0.6210264563560486	0
301	30.296475459290377	4.943798103340669e-06	0.6190144419670105	0
302	30.39682546081167	4.9325958570989314e-06	0.6170105934143066	0
303	30.497220462333644	4.922002517560031e-06	0.6149987578392029	0
304	30.597570463854936	4.909336439595791e-06	0.612991988658905	0
305	30.69796546537691	4.897387498203898e-06	0.6109982132911682	0
306	30.798315466898202	4.885847374680452e-06	0.6089872717857361	0
307	30.898710468420177	4.872966655966593e-06	0.6069787740707397	0
308	30.99906046994147	4.859763976128306e-06	0.6049678325653076	0
309	31.099455471463443	4.847076525038574e-06	0.6029617786407471	0
310	31.199805472984735	4.832300874113571e-06	0.6009564995765686	0
311	31.30020047450671	4.8168617468036246e-06	0.5989540219306946	0
312	31.400595476028684	4.802991043106886e-06	0.5969535112380981	0
313	31.500945477549976	4.78697256767191e-06	0.5949422121047974	0
314	31.60134047907195	4.769762199430261e-06	0.5929268002510071	0
315	31.701690480593243	4.75157639812096e-06	0.5909363031387329	0
316	31.802085482115217	4.734195044875378e-06	0.5889291763305664	0
317	31.90243548363651	4.714884653367335e-06	0.5869278907775879	0
318	32.00283048515848	4.693795290222624e-06	0.5849220156669617	0
319	32.103180486679776	4.673197054216871e-06	0.5829042196273804	0
320	32.20357548820175	4.649833954317728e-06	0.5809071660041809	0
321	32.30392548972304	4.625813289749203e-06	0.5788972973823547	0
322	32.40432049124502	4.601623004418798e-06	0.5768798589706421	0
323	32.50471549276699	4.574602371576475e-06	0.5748710036277771	0
324	32.60506549428828	4.546623586065834e-06	0.5728744268417358	0
325	32.70546049581026	4.5182414396549575e-06	0.5708733797073364	0
326	32.80581049733155	4.485860245040385e-06	0.568861722946167	0
327	32.906205498853524	4.451285803952487e-06	0.5668542981147766	0
328	33.006555500374816	4.41565998698934e-06	0.5648371577262878	0
329	33.10695050189679	4.377276582090417e-06	0.5628345608711243	0
330	33.20730050341808	4.3372970139898825e-06	0.5608275532722473	0
331	33.30769550494006	4.293493475415744e-06	0.5588108897209167	0
332	33.40804550646135	4.246719527145615e-06	0.556801974773407	0
333	33.50844050798332	4.195041128696175e-06	0.5547553896903992	0
334	33.6088355095053	4.145561888435623e-06	0.552757978439331	0
335	33.70918551102659	4.088325567863649e-06	0.5507494807243347	0
336	33.809580512548564	4.0302052184415516e-06	0.5487521886825562	0
337	33.909930514069856	3.966686563217081e-06	0.5467473268508911	0
338	34.01032551559183	3.899076546076685e-06	0.5447357296943665	0
339	34.11067551711312	3.826990905508865e-06	0.5427398681640625	0
340	34.2110705186351	3.749653615159332e-06	0.5407336950302124	0
341	34.31142052015639	3.6681674373539863e-06	0.5387266874313354	0
342	34.41181552167836	3.5802452202915447e-06	0.536724328994751	0
343	34.51221052320034	3.4856918773584766e-06	0.534713089466095	0
344	34.61256052472163	3.385906211406109e-06	0.5327056646347046	0
345	34.712955526243604	3.2802504392748233e-06	0.5307012796401978	0
346	34.813305527764896	3.165052248732536e-06	0.5286814570426941	0
347	34.91370052928687	3.0461608275800245e-06	0.526675820350647	0
348	35.01405053080816	2.9175537292758236e-06	0.524659276008606	0
349	35.11444553233014	2.7821893127111252e-06	0.5226590633392334	0
350	35.21479553385143	2.6407835775899002e-06	0.5206431746482849	0
351	35.315190535373404	2.487441406628932e-06	0.5186311602592468	0
352	35.415540536894696	2.3260838588612387e-06	0.5166274905204773	0
353	35.51593553841667	2.1574219317699317e-06	0.5146156549453735	0
354	35.616330539938645	1.9773560779867694e-06	0.5126268863677979	0
355	35.71668054145994	1.7892670030050795e-06	0.510622501373291	0
356	35.81707554298191	1.5920198848107248e-06	0.5086140036582947	0
357	35.9174255445032	1.381167976433062e-06	0.5066061019897461	0
358	36.01782054602518	1.1607994565565605e-06	0.5046557784080505	0
359	36.11817054754647	8.194016345441923e-07	0.5024893283843994	0
360	36.218565549068444	5.586021529779828e-07	0.5004899501800537	0
361	36.318915550589736	3.090687243911816e-07	0.4985061287879944	0
362	36.41931055211171	4.621323412834499e-08	0.4965084493160248	0
363	36.519660553633	-2.2204407912340685e-07	0.4945079982280731	0
364	36.62005555515498	-5.009213168705173e-07	0.4925187826156616	0
365	36.72045055667695	-7.886221737862797e-07	0.4905139207839966	0
366	36.82080055819824	-9.8577470453165e-07	0.4887150526046753	0
367	36.92119555972022	-1.2404101426000125e-06	0.48654258251190186	0
368	37.02154556124151	-1.5595744571328396e-06	0.48453840613365173	0
369	37.121940562763484	-1.8797805978465476e-06	0.48253315687179565	0
370	37.222290564284776	-2.207006218668539e-06	0.48052656650543213	0
371	37.32268556580675	-2.529704261178267e-06	0.4785119295120239	0
372	37.42303556732804	-2.8609317723748973e-06	0.47651025652885437	0
373	37.52343056885002	-3.1925851544656325e-06	0.47450464963912964	0
374	37.62382557037199	-3.5303326058055973e-06	0.47250697016716003	0
375	37.724175571893284	-3.879533778672339e-06	0.47047969698905945	0
376	37.82457057341526	-4.210914084978867e-06	0.46845871210098267	0
377	37.92492057493655	-4.532902948994888e-06	0.46644869446754456	0
378	38.025315576458524	-4.861703473579837e-06	0.4644439220428467	0
379	38.12566557797982	-5.179576874070335e-06	0.46244245767593384	0
380	38.22606057950179	-5.488332135428209e-06	0.4604334533214569	0
381	38.32641058102308	-5.79215611651307e-06	0.4584459364414215	0
382	38.42680558254506	-6.0826710068795364e-06	0.45643091201782227	0
383	38.52715558406635	-6.371213203237858e-06	0.45442599058151245	0
384	38.627550585588324	-6.630916232097661e-06	0.45242246985435486	0
385	38.7279455871103	-6.89436683387612e-06	0.4504129886627197	0
386	38.82829558863159	-7.144756636989769e-06	0.44838982820510864	0
387	38.928690590153565	-7.3618134592834394e-06	0.4463845491409302	0
388	39.02904059167486	-7.574112260044785e-06	0.44438278675079346	0
389	39.12943559319683	-7.761972483422142e-06	0.44237926602363586	0
390	39.22978559471812	-7.936686415632721e-06	0.4403689205646515	0
391	39.3301805962401	-8.096900273812935e-06	0.43835461139678955	0
392	39.43053059776139	-8.224043085647281e-06	0.4363612234592438	0
393	39.530925599283364	-8.347619768755976e-06	0.4343523383140564	0
394	39.631275600804656	-8.453453119727783e-06	0.432346373796463	0
395	39.73167060232663	-8.530889317626134e-06	0.43032631278038025	0
396	39.832065603848605	-8.598481144872494e-06	0.4283120930194855	0
397	39.9324156053699	-8.63378318172181e-06	0.4263213872909546	0
398	40.03281060689187	-8.663273547426797e-06	0.4243425130844116	0
399	40.133160608413164	-8.682878615218215e-06	0.42232686281204224	0
400	40.23355560993514	-8.67457129061222e-06	0.42033639550209045	0
401	40.33390561145643	-8.666880603414029e-06	0.4183180332183838	0
402	40.434300612978404	-8.635151971247979e-06	0.41631633043289185	0
403	40.5346506144997	-8.598454769526143e-06	0.4143221974372864	0
404	40.63504561602167	-8.545282980776392e-06	0.41231754422187805	0
405	40.73539561754296	-8.486244041705504e-06	0.4103105664253235	0
406	40.83579061906494	-8.415468073508237e-06	0.40830376744270325	0
407	40.93618562058691	-8.344418347405735e-06	0.4062739312648773	0
408	41.036535622108204	-8.253497071564198e-06	0.4042831361293793	0
409	41.13693062363018	-8.162829544744454e-06	0.4022720158100128	0
410	41.23728062515147	-8.06562093202956e-06	0.40026816725730896	0
411	41.337675626673445	-7.966050361574162e-06	0.3982575535774231	0
412	41.43802562819474	-7.859883226046804e-06	0.39624667167663574	0
413	41.53842062971671	-7.750763870717492e-06	0.3942500054836273	0
414	41.638770631238	-7.638543138455134e-06	0.39224404096603394	0
415	41.73916563275998	-7.532010386057664e-06	0.39023077487945557	0
416	41.83956063428195	-7.413849743898027e-06	0.38821661472320557	0
417	41.939910635803244	-7.3017413342313375e-06	0.3862138092517853	0
418	42.04030563732522	-7.193879355327226e-06	0.384174644947052	0
419	42.14065563884651	-7.076727342791855e-06	0.38216865062713623	0
420	42.241050640368485	-6.960842256376054e-06	0.3801634609699249	0
421	42.34140064188978	-6.8484478106256574e-06	0.37815749645233154	0
422	42.44179564341175	-6.737631338182837e-06	0.37615421414375305	0
423	42.54214564493304	-6.627050879615126e-06	0.3741419315338135	0
424	42.64254064645502	-6.516130724776303e-06	0.37213969230651855	0
425	42.74289064797631	-6.408994067896856e-06	0.37012311816215515	0
426	42.843285649498284	-6.304739144979976e-06	0.368109792470932	0
427	42.94368065102026	-6.201234555192059e-06	0.36610183119773865	0
428	43.04403065254155	-6.098608537286054e-06	0.3640943169593811	0
429	43.144425654063525	-5.999227141728625e-06	0.36208292841911316	0
430	43.24477565558482	-5.902992597839329e-06	0.36008358001708984	0
431	43.34517065710679	-5.808566129417159e-06	0.3580568730831146	0
432	43.445520658628084	-5.713657174055697e-06	0.35606715083122253	0
433	43.54591566015006	-5.62546529181418e-06	0.35405391454696655	0
434	43.64626566167135	-5.537329343496822e-06	0.35203874111175537	0
435	43.746660663193325	-5.451037395687308e-06	0.3500424027442932	0
436	43.84701066471462	-5.3680701057601254e-06	0.3480314314365387	0
437	43.94740566623659	-5.287367912387708e-06	0.34601926803588867	0
438	44.047800667758565	-5.208311449678149e-06	0.34400907158851624	0
439	44.14815066927986	-5.131502348376671e-06	0.3419881761074066	0
440	44.24854567080183	-5.056757345300866e-06	0.3399927020072937	0
441	44.348895672323124	-4.985550276614958e-06	0.33798807859420776	0
442	44.4492906738451	-4.915378212899668e-06	0.3359874486923218	0
443	44.54964067536639	-4.848286152991932e-06	0.3339745104312897	0
444	44.650035676888365	-4.783124495588709e-06	0.331964910030365	0
445	44.75038567840966	-4.718514446722111e-06	0.3299633264541626	0
446	44.85078067993163	-4.6572022256441414e-06	0.3279634416103363	0
447	44.95113068145292	-4.598285158863291e-06	0.32595038414001465	0
448	45.0515256829749	-4.540329882729566e-06	0.32394343614578247	0
449	45.15192068449687	-4.484345481614582e-06	0.32193708419799805	0
450	45.252270686018164	-4.430788976605982e-06	0.3199231028556824	0
451	45.35266568754014	-4.3787681534013245e-06	0.31791701912879944	0
452	45.45301568906143	-4.328392606112175e-06	0.3159053325653076	0
453	45.553410690583405	-4.2794040382432286e-06	0.3138946294784546	0
454	45.6537606921047	-4.232171704643406e-06	0.3118874728679657	0
455	45.75415569362667	-4.186464593658457e-06	0.3098779022693634	0
456	45.854505695147964	-4.1434477680013515e-06	0.3078761696815491	0
457	45.95490069666994	-4.100527803529985e-06	0.3058616518974304	0
458	46.05525069819123	-4.059423190483358e-06	0.30384987592697144	0
459	46.155645699713205	-4.0198874557972886e-06	0.3018425405025482	0
460	46.25604070123518	-3.9815486161387525e-06	0.29982826113700867	0
461	46.35639070275647	-3.945426669815788e-06	0.29778730869293213	0
462	46.456785704278445	-3.909201495844172e-06	0.29577988386154175	0
463	46.55713570579974	-3.875657967000734e-06	0.29376649856567383	0
464	46.65753070732171	-3.842570549750235e-06	0.29176846146583557	0
465	46.757880708843004	-3.810688212979585e-06	0.28975939750671387	0
466	46.85827571036498	-3.7797922232130077e-06	0.2877519428730011	0
467	46.95862571188627	-3.750874611796462e-06	0.2857614755630493	0
468	47.059020713408245	-3.7226736822049133e-06	0.28374865651130676	0
469	47.15941571493022	-3.695887244248297e-06	0.28173086047172546	0
470	47.25976571645151	-3.670566002256237e-06	0.27972719073295593	0
471	47.360160717973486	-3.6461515264818445e-06	0.2777133882045746	0
472	47.46051071949478	-3.6219737467035884e-06	0.27571311593055725	0
473	47.56090572101675	-3.599890760597191e-06	0.27369987964630127	0
474	47.661255722538044	-3.5786456464848015e-06	0.27168723940849304	0
475	47.76165072406002	-3.558523303581751e-06	0.2696838080883026	0
476	47.86200072558131	-3.5390669381740736e-06	0.26768261194229126	0
477	47.962395727103285	-3.5203211155021563e-06	0.2656670808792114	0
478	48.06274572862458	-3.5037598991038976e-06	0.26367002725601196	0
479	48.16314073014655	-3.4871432035288308e-06	0.2616598606109619	0
480	48.263535731668526	-3.4718061669991584e-06	0.2596640884876251	0
481	48.36388573318982	-3.4580186820676317e-06	0.2576543092727661	0
482	48.46428073471179	-3.444655476414482e-06	0.2556561529636383	0
483	48.564630736233084	-3.4320883059990592e-06	0.2536590099334717	0
484	48.66502573775506	-3.4204024359496543e-06	0.2516404390335083	0
485	48.76537573927635	-3.409539658605354e-06	0.24963952600955963	0
486	48.865770740798325	-3.4004713143076515e-06	0.2476348876953125	0
487	48.96612074231962	-3.391287464182824e-06	0.24561719596385956	0
488	49.06651574384159	-3.382415343367029e-06	0.24362275004386902	0
489	49.166865745362884	-3.3755077311070636e-06	0.24161331355571747	0
490	49.26726074688486	-3.3689348128973506e-06	0.23960912227630615	0
491	49.36765574840683	-3.362999223099905e-06	0.2375997006893158	0
492	49.468005749928125	-3.3580718081793748e-06	0.23559246957302094	0
493	49.5684007514501	-3.35421941599634e-06	0.23357611894607544	0
494	49.66875075297139	-3.3504609291412635e-06	0.2315707802772522	0
495	49.769145754493366	-3.3470998914708616e-06	0.22955673933029175	0
496	49.86949575601466	-3.3444259770476492e-06	0.22755585610866547	0
497	49.96989075753663	-3.3422993510612287e-06	0.22554494440555573	0
498	50.070240759057924	-3.3402061490050983e-06	0.22353889048099518	0
499	50.1706357605799	-3.338226861160365e-06	0.22154302895069122	0
500	50.27103076210187	-3.337523594382219e-06	0.21953867375850677	0
501	50.371380763623165	-3.337040425321902e-06	0.2175331860780716	0
502	50.47177576514514	-3.3362075555487536e-06	0.21551640331745148	0
503	50.57212576666643	-3.3368855838489253e-06	0.2134883999824524	0
504	50.672520768188406	-3.3362953217874747e-06	0.21145983040332794	0
505	50.7728707697097	-3.3359131066390546e-06	0.2094702571630478	0
506	50.87326577123167	-3.335966766826459e-06	0.20745468139648438	0
507	50.973615772752964	-3.335509518365143e-06	0.2054499387741089	0
508	51.07401077427494	-3.3359049211867386e-06	0.20343774557113647	0
509	51.17436077579623	-3.3345806969009573e-06	0.20142975449562073	0
510	51.27471077731752	-3.2755485790403327e-06	0.2011050581932068	0
511	51.3751057788395	-3.178716724505648e-06	0.2031034231185913	0
512	51.47545578036079	-3.103560629824642e-06	0.20511440932750702	0
513	51.575850781882764	-3.034734163520625e-06	0.20712685585021973	0
514	51.676200783404056	-2.971968342535547e-06	0.20913083851337433	0
515	51.77659578492603	-2.9126915706001455e-06	0.21113617718219757	0
516	51.87694578644732	-2.8555871267599287e-06	0.21315033733844757	0
517	51.9773407879693	-2.8019312594551593e-06	0.21518057584762573	0
518	52.07773578949127	-2.7502096600073855e-06	0.2171974629163742	0
519	52.17808579101256	-2.701727680687327e-06	0.2191978543996811	0
520	52.27848079253454	-2.6538248221186223e-06	0.22120657563209534	0
521	52.37883079405583	-2.6083605462190462e-06	0.22321023046970367	0
522	52.479225795577804	-2.563613406891818e-06	0.2252139002084732	0
523	52.579575797099096	-2.521180931580602e-06	0.2272261679172516	0
524	52.67997079862107	-2.4800008304737275e-06	0.229230135679245	0
525	52.78032080014236	-2.4398427740379702e-06	0.23123079538345337	0
526	52.88071580166434	-2.400528728685458e-06	0.23323968052864075	0
527	52.98106580318563	-2.3626153051736765e-06	0.2352616935968399	0
528	53.0814608047076	-2.3256420718098525e-06	0.23728421330451965	0
529	53.18185580622958	-2.2894316771271406e-06	0.23928114771842957	0
530	53.28220580775087	-2.2538424673257396e-06	0.24127992987632751	0
531	53.382600809272844	-2.220601345470641e-06	0.24328629672527313	0
532	53.48295081079414	-2.1866392216907116e-06	0.24529434740543365	0
533	53.58334581231611	-2.154267122023157e-06	0.2473001331090927	0
534	53.6836958138374	-2.122016439898289e-06	0.24930213391780853	0
535	53.78409081535938	-2.0908855731249787e-06	0.25129973888397217	0
536	53.88444081688067	-2.0601778487616684e-06	0.2533162832260132	0
537	53.984835818402644	-2.0302388747950317e-06	0.25531625747680664	0
538	54.08523081992462	-2.000628683163086e-06	0.25732114911079407	0
539	54.18558082144591	-1.9718636394827627e-06	0.2593156099319458	0
540	54.285975822967885	-1.942738208526862e-06	0.26131677627563477	0
541	54.38632582448918	-1.91503841051599e-06	0.2633384168148041	0
542	54.48672082601115	-1.887266876110516e-06	0.26534193754196167	0
543	54.58707082753244	-1.8609428025229136e-06	0.2673446238040924	0
544	54.68746582905442	-1.8335281311010476e-06	0.2693561017513275	0
545	54.78781583057571	-1.807860371627612e-06	0.2713671326637268	0
546	54.888210832097684	-1.7812038777265116e-06	0.2733759582042694	0
547	54.988560833618976	-1.7557648561705719e-06	0.27538010478019714	0
548	55.08895583514095	-1.7306923609794467e-06	0.27738770842552185	0
549	55.189350836662925	-1.7055207308658282e-06	0.2794044315814972	0
550	55.28970083818422	-1.6816915149320266e-06	0.28140372037887573	0
551	55.39009583970619	-1.657327743487258e-06	0.28340810537338257	0
552	55.49044584122748	-1.6331871393049369e-06	0.28541937470436096	0
553	55.59084084274946	-1.609531182111823e-06	0.2874186336994171	0
554	55.69119084427075	-1.5858878441576962e-06	0.2894247770309448	0
555	55.791585845792724	-1.5623755871274625e-06	0.29143431782722473	0
556	55.891935847314016	-1.5393984540423844e-06	0.2934424579143524	0
557	55.99233084883599	-1.515753297098854e-06	0.29545289278030396	0
558	56.09268085035728	-1.4926885114618926e-06	0.29747307300567627	0
559	56.19307585187926	-1.468844970986538e-06	0.299500435590744	0
560	56.29347085340123	-1.4459398016697378e-06	0.301511287689209	0
561	56.393820854922524	-1.4226773146219784e-06	0.3035111427307129	0
562	56.4942158564445	-1.3992876120028086e-06	0.3055313229560852	0
563	56.59456585796579	-1.3761318768956698e-06	0.3075406551361084	0
564	56.694960859487765	-1.3523784900826286e-06	0.30953219532966614	0
565	56.79531086100906	-1.3284904980537249e-06	0.3115402162075043	0
566	56.89570586253103	-1.3047339280092274e-06	0.31355035305023193	0
567	56.99605586405232	-1.2802432820535614e-06	0.315556138753891	0
568	57.0964508655743	-1.2557738955365494e-06	0.3175608515739441	0
569	57.19680086709559	-1.2305505379117676e-06	0.3195663392543793	0
570	57.297195868617564	-1.2045982202835148e-06	0.3215811252593994	0
571	57.39759087013954	-1.1783384934460628e-06	0.32359734177589417	0
572	57.49794087166083	-1.1516406175360316e-06	0.3256033658981323	0
573	57.598335873182805	-1.1243517974435235e-06	0.3276146352291107	0
574	57.6986858747041	-1.0960721965602715e-06	0.3296191692352295	0
575	57.79908087622607	-1.067345237970585e-06	0.3316287696361542	0
576	57.89943087774736	-1.0367404001954128e-06	0.3336350917816162	0
577	57.99982587926934	-1.0056742212327663e-06	0.33565181493759155	0
578	58.10017588079063	-9.737200343806762e-07	0.33765214681625366	0
579	58.300920883833896	-9.217631031788187e-07	0.34170615673065186	0
580	58.40131588535587	-8.799052011454478e-07	0.34370529651641846	0
581	58.501710886877845	-8.383471481465676e-07	0.3457350432872772	0
582	58.60206088839914	-7.95339133219386e-07	0.34774184226989746	0
583	58.70245588992111	-7.496468583667593e-07	0.34975555539131165	0
584	58.802805891442404	-7.023439820841304e-07	0.3517652451992035	0
585	58.90320089296438	-6.510896923828113e-07	0.3537931740283966	0
586	59.00355089448567	-5.978313311061356e-07	0.35578736662864685	0
587	59.103945896007644	-5.426654752227478e-07	0.35780227184295654	0
588	59.20429589752894	-4.836933840124402e-07	0.3598041236400604	0
589	59.30469089905091	-4.2065431671289844e-07	0.3618229031562805	0
590	59.405085900572885	-3.5372778484088485e-07	0.3638221323490143	0
591	59.50543590209418	-2.844136304247513e-07	0.3658393621444702	0
592	59.60583090361615	-2.1238031422399217e-07	0.36782991886138916	0
593	59.706180905137444	-1.3283577970923943e-07	0.3698442578315735	0
594	59.80657590665942	-5.161404814657544e-08	0.3718563914299011	0
595	59.90692590818071	3.3122972808996565e-08	0.3738495111465454	0
596	60.007320909702685	1.2746482980219298e-07	0.3758571445941925	0
