	t	I	Ewe	Cycle
0	0.1673550025370787	5.0034849152780225e-08	0.21646101772785187	0
1	0.21753000329772476	2.0606073292128713e-08	0.2170267254114151	0
2	0.267750004059053	2.4792672803641835e-08	0.21800488233566284	0
3	0.3179250048196991	2.8418552844300393e-08	0.2190207988023758	0
4	0.36810000558034517	2.8230063620071633e-08	0.22002819180488586	0
5	0.41832000634167343	2.986793745662908e-08	0.2210213840007782	0
6	0.4684950071023195	3.039849616470747e-08	0.2220366895198822	0
7	0.5186700078629656	3.186436359214895e-08	0.22303515672683716	0
8	0.5688450086236116	3.271190962550463e-08	0.22404105961322784	0
9	0.6190650093849399	3.383900448739041e-08	0.22504743933677673	0
10	0.669240010145586	3.447555840807581e-08	0.22603829205036163	0
11	0.719415010906232	3.613929422385809e-08	0.22705227136611938	0
12	0.7696350116675603	3.6413858595096826e-08	0.22805584967136383	0
13	0.8198100124282064	3.7805097719001424e-08	0.2290625423192978	0
14	0.8699850131888525	3.8253570977531126e-08	0.2300643026828766	0
15	0.9201600139494985	3.983337393265174e-08	0.23106223344802856	0
16	0.9703800147108268	4.022519206614561e-08	0.23206520080566406	0
17	1.0205550154714729	4.146039245256361e-08	0.23306770622730255	0
18	1.070730016232119	4.182241397643338e-08	0.23406755924224854	0
19	1.1209500169934472	4.3905252766762715e-08	0.23507936298847198	0
20	1.1711250177540933	4.394999919554721e-08	0.23609648644924164	0
21	1.2213000185147393	4.5190006403572625e-08	0.23709359765052795	0
22	1.2714750192753854	4.568602918197939e-08	0.23809699714183807	0
23	1.3216950200367137	4.694706490226963e-08	0.2391117364168167	0
24	1.3718700207973598	4.7655547064096027e-08	0.240102618932724	0
25	1.4220450215580058	4.90135754205312e-08	0.2411135584115982	0
26	1.472220022318652	4.91011213910042e-08	0.24211616814136505	0
27	1.5224400230799802	5.0986781019446425e-08	0.24312765896320343	0
28	1.5726150238406262	5.096266164628105e-08	0.24412739276885986	0
29	1.6227900246012723	5.237140143776742e-08	0.24511228501796722	0
30	1.6730100253626006	5.304250905169283e-08	0.2461196482181549	0
31	1.7231850261232466	5.418048587557678e-08	0.24712830781936646	0
32	1.7733600268838927	5.4867108190137515e-08	0.2481289803981781	0
33	1.8235350276445388	5.617328113771691e-08	0.24912598729133606	0
34	1.873755028405867	5.6264287451313066e-08	0.2501295506954193	0
35	1.9239300291665131	5.813899761619723e-08	0.25113940238952637	0
36	1.9741050299271592	5.838381866851705e-08	0.2521459758281708	0
37	2.0243250306884875	5.973200956077562e-08	0.2531530559062958	0
38	2.0745000314491335	6.004017194527478e-08	0.25415390729904175	0
39	2.1246750322097796	6.144318120959724e-08	0.2551451325416565	0
40	2.1748500329704257	6.206436609090815e-08	0.25613468885421753	0
41	2.225070033731754	6.333404911629259e-08	0.25714871287345886	0
42	2.2752450344924	6.360581750186611e-08	0.25815385580062866	0
43	2.325420035253046	6.532646779078277e-08	0.25915399193763733	0
44	2.375595036013692	6.56181100566755e-08	0.26015397906303406	0
45	2.4258150367750204	6.694210696878145e-08	0.26114121079444885	0
46	2.4759900375356665	6.741934299725472e-08	0.2621525824069977	0
47	2.5261650382963126	6.891345094572898e-08	0.2631627321243286	0
48	2.576385039057641	6.935264451612966e-08	0.2641564905643463	0
49	2.626560039818287	7.068695850875883e-08	0.26515817642211914	0
50	2.676735040578933	7.107805544137591e-08	0.2661510407924652	0
51	2.726910041339579	7.269769497497691e-08	0.26716023683547974	0
52	2.7771300421009073	7.322157102862548e-08	0.268155038356781	0
53	2.8273050428615534	7.445415661777588e-08	0.2691735029220581	0
54	2.8774800436221994	7.490270803600652e-08	0.27016761898994446	0
55	2.9277000443835277	7.612322150407635e-08	0.2711738646030426	0
56	2.977875045144174	7.676695190639293e-08	0.2721737325191498	0
57	3.02805004590482	7.818890424005076e-08	0.27318140864372253	0
58	3.078225046665466	7.837817150857518e-08	0.2741973102092743	0
59	3.128445047426794	8.010832175386895e-08	0.2751944065093994	0
60	3.1786200481874403	8.037035570396256e-08	0.27619415521621704	0
61	3.2287950489480863	8.193030254233236e-08	0.27719399333000183	0
62	3.2790150497094146	8.248100868968322e-08	0.27820903062820435	0
63	3.3291900504700607	8.3822527585653e-08	0.27920714020729065	0
64	3.3793650512307067	8.446863830613438e-08	0.28021058440208435	0
65	3.429540051991353	8.565534415083675e-08	0.28121164441108704	0
66	3.479760052752681	8.59763957805626e-08	0.2822241187095642	0
67	3.529935053513327	8.759571556993251e-08	0.2832287847995758	0
68	3.580110054273973	8.820924790597928e-08	0.2842254638671875	0
69	3.6302850550346193	8.923095151658345e-08	0.2852306663990021	0
70	3.6805050557959476	9.006873114003611e-08	0.2862359285354614	0
71	3.7306800565565936	9.146960877615129e-08	0.2872498631477356	0
72	3.7808550573172397	9.184074656332086e-08	0.2882332503795624	0
73	3.831075058078568	9.332011075002811e-08	0.2892283499240875	0
74	3.881250058839214	9.389889754629621e-08	0.29023638367652893	0
75	3.93142505959986	9.514251075870561e-08	0.2912493944168091	0
76	3.981600060360506	9.573350467917408e-08	0.29225829243659973	0
77	4.031820061121834	9.714310778008439e-08	0.29325684905052185	0
78	4.0819950618824805	9.777414078371294e-08	0.29425567388534546	0
79	4.132170062643127	9.897126318492155e-08	0.29525649547576904	0
80	4.182390063404455	9.967653369358231e-08	0.29626378417015076	0
81	4.232565064165101	1.00926868640272e-07	0.29727044701576233	0
82	4.282740064925747	1.0145733853050842e-07	0.2982652187347412	0
83	4.332915065686393	1.7323579015737778e-07	0.2974090278148651	0
84	5.386860081664054	2.3196982112949627e-07	0.31873852014541626	0
85	5.537430083946674	3.7217225212771154e-07	0.3215014636516571	0
86	5.6378250854686485	4.0070969475891616e-07	0.32367968559265137	0
87	5.6880000862292945	2.326416819187216e-07	0.32513776421546936	0
88	5.738175086989941	4.850131176681316e-07	0.3261013627052307	0
89	5.788350087750587	2.9927616651548306e-07	0.32724419236183167	0
90	5.838570088511915	4.664973971557629e-07	0.32847028970718384	0
91	5.888745089272561	2.95393505211905e-07	0.3295147716999054	0
92	5.938920090033207	4.1898391600625473e-07	0.33108222484588623	0
93	6.189885093837802	4.540539180197811e-07	0.3349844813346863	0
94	6.240060094598448	3.097751744007837e-07	0.33644726872444153	0
95	6.290235095359094	4.838105382987123e-07	0.3378243148326874	0
96	6.440805097641714	1.9164117759373767e-07	0.3397354483604431	0
97	6.4909800984023605	3.378588360192225e-07	0.34072455763816833	0
98	6.541200099163689	4.7060009933375113e-07	0.3424297273159027	0
99	6.792120102967601	5.037762207393826e-07	0.3472941815853119	0
100	6.992865106010868	4.252167684626329e-07	0.35089239478111267	0
101	7.043040106771514	5.293896379043872e-07	0.3527734875679016	0
102	7.193610109054134	4.774196327161917e-07	0.3551502227783203	0
103	7.394355112097401	3.9646681671001716e-07	0.3591357171535492	0
104	7.444575112858729	5.161122658137174e-07	0.36115166544914246	0
105	7.6453201159019955	5.50995935100218e-07	0.3641349673271179	0
106	7.846065118945262	2.1349754319999192e-07	0.37016695737838745	0
107	7.896240119705908	4.0565748804510804e-07	0.36939188838005066	0
108	7.996635121227882	2.3933836246214923e-07	0.3727552890777588	0
109	8.147205123510503	2.2340590533076465e-07	0.3759007155895233	0
110	8.297730125792441	1.8218334219000099e-07	0.37850940227508545	0
111	8.34795012655377	1.784376024716039e-07	0.3795098066329956	0
112	8.398125127314415	1.7910340943672054e-07	0.3805153965950012	0
113	8.448300128075061	1.8063758489006432e-07	0.38151198625564575	0
114	8.49852012883639	1.8285861358435795e-07	0.38251468539237976	0
115	8.548695129597036	1.830319718010287e-07	0.3835153579711914	0
116	8.598870130357682	1.8514114685785898e-07	0.384536474943161	0
117	8.649045131118328	1.8668856682779733e-07	0.3855549693107605	0
118	8.699265131879656	1.8833634385373443e-07	0.38655316829681396	0
119	8.749440132640302	1.889800103072048e-07	0.38756251335144043	0
120	8.799615133400948	1.9150778030052606e-07	0.388559490442276	0
121	8.849835134162277	1.9236424009250186e-07	0.38957297801971436	0
122	8.900010134922923	1.9429731423770136e-07	0.3905861973762512	0
123	8.950185135683569	1.9573708698317205e-07	0.3915901780128479	0
124	9.000360136444215	1.971384904209117e-07	0.3925909698009491	0
125	9.050580137205543	1.9922184435472445e-07	0.3936122953891754	0
126	9.100755137966189	2.0112247511860915e-07	0.3945961594581604	0
127	9.150930138726835	2.0198784511649137e-07	0.39559876918792725	0
128	9.201105139487481	2.0417087398527656e-07	0.39658984541893005	0
129	9.25132514024881	2.0486419316512183e-07	0.3976050615310669	0
130	9.301500141009456	2.0732480265905906e-07	0.3986132740974426	0
131	9.351675141770102	2.0937611111548904e-07	0.399616539478302	0
132	9.40189514253143	2.111341501631614e-07	0.40061089396476746	0
133	9.452070143292076	2.1289991991579882e-07	0.40160897374153137	0
134	9.502245144052722	2.1452135001709394e-07	0.40261927247047424	0
135	9.552420144813368	2.1593217525150976e-07	0.40362653136253357	0
136	9.602640145574696	2.1791453264086158e-07	0.4046212136745453	0
137	9.652815146335342	2.1987840170822892e-07	0.4056166410446167	0
138	9.702990147095989	2.2251566633713082e-07	0.4066219627857208	0
139	9.753210147857317	2.240078771365006e-07	0.40762975811958313	0
140	9.803385148617963	2.2611348526879738e-07	0.40862828493118286	0
141	9.853560149378609	2.275804860119024e-07	0.4096424877643585	0
142	9.903735150139255	2.306791628825522e-07	0.4106360375881195	0
143	9.953955150900583	2.3271837790161953e-07	0.41166365146636963	0
144	10.00413015166123	2.3520082947925403e-07	0.4126589596271515	0
145	10.054305152421875	2.358045918526841e-07	0.41366317868232727	0
146	10.104525153183204	2.3832302531445748e-07	0.4146745204925537	0
147	10.15470015394385	2.4074290649878094e-07	0.4156653583049774	0
148	10.204875154704496	2.4311245283570315e-07	0.41666918992996216	0
149	10.255050155465142	2.448861664561264e-07	0.41766712069511414	0
150	10.30527015622647	2.485417098796461e-07	0.4186912477016449	0
151	10.355445156987116	2.502106326573994e-07	0.41968369483947754	0
152	10.405620157747762	2.528210814034537e-07	0.420685738325119	0
153	10.455795158508408	2.550313809024374e-07	0.4216769337654114	0
154	10.506015159269737	2.582680735940812e-07	0.4226926863193512	0
155	10.556190160030383	2.605458746529621e-07	0.4236968159675598	0
156	10.606365160791029	2.633797464568488e-07	0.4246942102909088	0
157	10.656585161552357	2.660203506366088e-07	0.42569082975387573	0
158	10.706760162313003	2.6930706553685013e-07	0.4266867935657501	0
159	10.75693516307365	2.7126762347506883e-07	0.42768731713294983	0
160	10.807110163834295	2.7464827212497767e-07	0.4286874532699585	0
161	10.857330164595624	2.776060057385621e-07	0.4297081232070923	0
162	10.90750516535627	2.807380781177926e-07	0.43070799112319946	0
163	10.957680166116916	2.837394390553527e-07	0.43171894550323486	0
164	11.007900166878244	2.8785524364138837e-07	0.4327232539653778	0
165	11.05807516763889	2.906559473103698e-07	0.43372485041618347	0
166	11.108250168399536	2.9425177672237623e-07	0.4347285330295563	0
167	11.158425169160182	2.970743651076191e-07	0.4357348084449768	0
168	11.20864516992151	3.014667981915409e-07	0.4367341101169586	0
169	11.258820170682156	3.0506745929415047e-07	0.4377343952655792	0
170	11.308995171442803	3.08494577438978e-07	0.4387461841106415	0
171	11.359170172203449	3.122503073882399e-07	0.43976110219955444	0
172	11.409390172964777	3.1699795499662287e-07	0.440757155418396	0
173	11.459565173725423	3.206492067420186e-07	0.4417625963687897	0
174	11.509740174486069	3.2649262493578135e-07	0.4427527189254761	0
175	11.559960175247397	3.2944072358986887e-07	0.4437687397003174	0
176	11.610135176008043	3.3354345418956655e-07	0.44477081298828125	0
177	11.66031017676869	3.3828411005742964e-07	0.44577834010124207	0
178	11.710485177529335	3.4318480857109535e-07	0.4467736482620239	0
179	11.760705178290664	3.479935912764631e-07	0.44779133796691895	0
180	11.81088017905131	3.53672589881171e-07	0.4487881660461426	0
181	11.861055179811956	3.590755284221814e-07	0.4498001039028168	0
182	11.911275180573284	3.650086171091971e-07	0.45080074667930603	0
183	11.96145018133393	3.6957155202799186e-07	0.4518154263496399	0
184	12.011625182094576	3.761705613669619e-07	0.4528188407421112	0
185	12.061800182855222	3.823415397619101e-07	0.4538218677043915	0
186	12.11202018361655	3.8821681869194435e-07	0.4548259675502777	0
187	12.162195184377197	3.9512781313533196e-07	0.4558422863483429	0
188	12.212370185137843	4.018707500108576e-07	0.4568365216255188	0
189	12.262590185899171	4.099690329439909e-07	0.45784682035446167	0
190	12.312765186659817	4.165807183653669e-07	0.4588409960269928	0
191	12.362940187420463	4.2371496533633035e-07	0.4598388373851776	0
192	12.41311518818111	4.3158152607247757e-07	0.46084827184677124	0
193	12.463335188942438	4.3954509010291076e-07	0.4618508517742157	0
194	12.513510189703084	4.4812094301960315e-07	0.4628608822822571	0
195	12.56368519046373	4.5697669293076615e-07	0.46385690569877625	0
196	12.613860191224376	4.658354555431288e-07	0.46485620737075806	0
197	12.664080191985704	4.7482737386417284e-07	0.46587035059928894	0
198	12.71425519274635	4.859711566496117e-07	0.4668757915496826	0
199	12.764430193506996	4.954731593898032e-07	0.4678857624530792	0
200	12.814650194268324	5.063276375949499e-07	0.46888548135757446	0
201	12.86482519502897	5.168149073142558e-07	0.4698909521102905	0
202	12.915000195789617	5.295864298204833e-07	0.47091686725616455	0
203	12.965175196550263	5.423346465249779e-07	0.47194144129753113	0
204	13.015395197311591	5.544076202568249e-07	0.47294408082962036	0
205	13.065570198072237	5.666670404025353e-07	0.47396430373191833	0
206	13.115745198832883	5.802586997560866e-07	0.4749501347541809	0
207	13.165965199594211	5.944619942965801e-07	0.4759599268436432	0
208	13.216140200354857	6.091758564252814e-07	0.4769739806652069	0
209	13.266315201115503	6.239220624593145e-07	0.4779811203479767	0
210	13.31649020187615	6.38433277799777e-07	0.4789883494377136	0
211	13.366710202637478	6.548763735736429e-07	0.479983925819397	0
212	13.416885203398124	6.70722783979727e-07	0.4809904098510742	0
213	13.46706020415877	6.889438850521401e-07	0.4819962978363037	0
214	13.517235204919416	7.060064035613323e-07	0.48300397396087646	0
215	13.567455205680744	7.2485249802412e-07	0.4840112030506134	0
216	13.61763020644139	7.438911779900081e-07	0.48501917719841003	0
217	13.667805207202036	7.623012834301335e-07	0.4860147535800934	0
218	13.718025207963365	7.828522825548134e-07	0.48701661825180054	0
219	13.76820020872401	8.046561674746044e-07	0.4880344867706299	0
220	13.818375209484657	8.27440373996069e-07	0.4890303909778595	0
221	13.868550210245303	8.477853157273785e-07	0.49003133177757263	0
222	13.918770211006631	8.699225304553693e-07	0.4910297989845276	0
223	13.968945211767277	8.951838026405312e-07	0.49205267429351807	0
224	14.019120212527923	9.197325994136918e-07	0.49305295944213867	0
225	14.069340213289252	9.457830856263172e-07	0.4940637946128845	0
226	14.119515214049898	9.725616791911307e-07	0.49506691098213196	0
227	14.169690214810544	9.853697520156857e-07	0.49615347385406494	0
228	14.21986521557119	1.0127530458703404e-06	0.4970465898513794	0
229	14.270085216332518	1.043399834088632e-06	0.4980432093143463	0
230	14.320260217093164	1.0694797083488083e-06	0.4990413784980774	0
231	14.37043521785381	1.1000061022059526e-06	0.500059187412262	0
232	14.420655218615138	1.1276298437223886e-06	0.5010536909103394	0
233	14.470830219375785	1.159656562776945e-06	0.5020434260368347	0
234	14.52100522013643	1.192184186038503e-06	0.503063976764679	0
235	14.571180220897077	1.2270255638213712e-06	0.5040594339370728	0
236	14.621400221658405	1.2588208164743264e-06	0.5050503015518188	0
237	14.671575222419051	1.2974267065146705e-06	0.5060702562332153	0
238	14.721750223179697	1.3324957990334951e-06	0.5070710778236389	0
239	14.771925223940343	1.3722169569518883e-06	0.508076548576355	0
240	14.822145224701671	1.4105893342275522e-06	0.5090899467468262	0
241	14.872320225462317	1.4512386314891046e-06	0.5100936889648438	0
242	14.922495226222964	1.494878915764275e-06	0.5110915899276733	0
243	14.972715226984292	1.53808036884584e-06	0.5120925903320312	0
244	15.022890227744938	1.5788311884534778e-06	0.5130805969238281	0
245	15.073065228505584	1.6290823623421602e-06	0.5140858292579651	0
246	15.12324022926623	1.6766963426562143e-06	0.5150778293609619	0
247	15.173460230027558	1.728519237076398e-06	0.5160843133926392	0
248	15.223635230788204	1.778706860022794e-06	0.5170992016792297	0
249	15.27381023154885	1.8332196987103089e-06	0.5180887579917908	0
250	15.323985232309496	1.8910581047748565e-06	0.5191097855567932	0
251	15.374205233070825	1.9475087356113363e-06	0.5201104879379272	0
252	15.42438023383147	2.0101258542126743e-06	0.5211036205291748	0
253	15.474555234592117	2.0682932699855883e-06	0.5221198797225952	0
254	15.524775235353445	2.1297435068845516e-06	0.523110568523407	0
255	15.574950236114091	2.199230266342056e-06	0.5241193175315857	0
256	15.625125236874737	2.2679357698507374e-06	0.5251262784004211	0
257	15.675300237635383	2.338497324672062e-06	0.5261287689208984	0
258	15.725520238396712	2.407668944215402e-06	0.5271197557449341	0
259	15.775695239157358	2.487683104845928e-06	0.5281335711479187	0
260	15.825870239918004	2.5629340143495938e-06	0.529122531414032	0
261	15.876090240679332	2.648281224537641e-06	0.5301440358161926	0
262	15.926265241439978	2.731160520852427e-06	0.5311400890350342	0
263	15.976440242200624	2.817917447828222e-06	0.532152533531189	0
264	16.02661524296127	2.903773520301911e-06	0.5331348776817322	0
265	16.0768352437226	2.9969455681566615e-06	0.5341453552246094	0
266	16.127010244483245	3.0946393962949514e-06	0.5351526737213135	0
267	16.17718524524389	3.196052148268791e-06	0.5361613035202026	0
268	16.22740524600522	3.295339411124587e-06	0.5371648073196411	0
269	16.277580246765865	3.4069348657794762e-06	0.5381655097007751	0
270	16.32775524752651	3.5067807857558364e-06	0.5391596555709839	0
271	16.377930248287157	3.625865019785124e-06	0.5401628017425537	0
272	16.428150249048485	3.7450704439834226e-06	0.5411811470985413	0
273	16.47832524980913	3.862855919578578e-06	0.5421978831291199	0
274	16.528500250569778	3.9873125388112385e-06	0.5431870222091675	0
275	16.578675251330424	4.116829586564563e-06	0.5441882610321045	0
276	16.628895252091752	4.244333013048163e-06	0.5451876521110535	0
277	16.679070252852398	4.386560704006115e-06	0.5461956262588501	0
278	16.729245253613044	4.52996437161346e-06	0.5472060441970825	0
279	16.779465254374372	4.677830929722404e-06	0.5482133626937866	0
280	16.82964025513502	4.823490144190146e-06	0.5492215156555176	0
281	16.879815255895664	4.974135663360357e-06	0.5502107739448547	0
282	16.92999025665631	5.13392342327279e-06	0.5512259006500244	0
283	16.98021025741764	5.302476893120911e-06	0.5522274971008301	0
284	17.030385258178285	5.464328751259018e-06	0.5532213449478149	0
285	17.08056025893893	5.641099050990306e-06	0.5542157292366028	0
286	17.13078025970026	5.816116299683927e-06	0.5552161931991577	0
287	17.180955260460905	6.038174888089998e-06	0.5562576651573181	0
288	17.23113026122155	6.217132977326401e-06	0.5572632551193237	0
289	17.281305261982197	6.409749403246678e-06	0.5582688450813293	0
290	17.331525262743526	6.606327588087879e-06	0.559276819229126	0
291	17.38170026350417	6.815444066887721e-06	0.5602886080741882	0
292	17.431875264264818	7.020186785666738e-06	0.561272144317627	0
293	17.482095265026146	7.246173481689766e-06	0.5622846484184265	0
294	17.532270265786792	7.461691438948037e-06	0.5632822513580322	0
295	17.582445266547438	7.702138645981904e-06	0.5642874836921692	0
296	17.632620267308084	7.93233084550593e-06	0.5653015971183777	0
297	17.682840268069413	8.17662203189684e-06	0.5663077235221863	0
298	17.73301526883006	8.413955583819188e-06	0.5673112869262695	0
299	17.783190269590705	8.677019650349393e-06	0.5683026313781738	0
300	17.83336527035135	8.939733561419416e-06	0.5693106055259705	0
301	17.88358527111268	9.205018614011351e-06	0.5703195929527283	0
302	17.933760271873325	9.468280040891841e-06	0.5713078379631042	0
303	17.98393527263397	9.756928193382919e-06	0.5723064541816711	0
304	18.0341552733953	1.0048754120361991e-05	0.5733149647712708	0
305	18.084330274155946	1.0330566510674544e-05	0.5743190050125122	0
306	18.13450527491659	1.0528487109695561e-05	0.5754448175430298	0
307	18.184680275677238	1.08878566607018e-05	0.576343297958374	0
308	18.234900276438566	1.1195284969289787e-05	0.5773336887359619	0
309	18.285075277199212	1.1533794349816162e-05	0.5783553719520569	0
310	18.335250277959858	1.1848711437778547e-05	0.57936030626297	0
311	18.385470278721186	1.2186141248093918e-05	0.5803608298301697	0
312	18.435645279481832	1.2514654372353107e-05	0.581377387046814	0
313	18.48582028024248	1.2844136108469684e-05	0.58235764503479	0
314	18.535995281003125	1.319357761531137e-05	0.583360493183136	0
315	18.586215281764453	1.3555850273405667e-05	0.584367573261261	0
316	18.6363902825251	1.3904837942391168e-05	0.5853767991065979	0
317	18.686565283285745	1.4274542081693653e-05	0.5863862633705139	0
318	18.736785284047073	1.4618548448197544e-05	0.5873786211013794	0
319	18.78696028480772	1.5007465663074981e-05	0.5883988738059998	0
320	18.837135285568365	1.5393932699225843e-05	0.5893914103507996	0
321	18.88731028632901	1.5770254321978427e-05	0.5903944373130798	0
322	18.93753028709034	1.6165351553354412e-05	0.5914015173912048	0
323	18.987705287850986	1.6555748516111635e-05	0.5923969149589539	0
324	19.037880288611632	1.695421633485239e-05	0.5933963656425476	0
325	19.088055289372278	1.7351207134197466e-05	0.5944105982780457	0
326	19.138275290133606	1.775904638634529e-05	0.595405101776123	0
327	19.188450290894252	1.816974690882489e-05	0.5964049100875854	0
328	19.2386252916549	1.8585702491691336e-05	0.5973891615867615	0
329	19.288845292416227	1.897337642731145e-05	0.5983993411064148	0
330	19.339020293176873	1.940715083037503e-05	0.5994001030921936	0
331	19.38919529393752	1.9839117157971486e-05	0.6004076600074768	0
332	19.439370294698165	2.026298716373276e-05	0.6014047861099243	0
333	19.489590295459493	2.0704947019112296e-05	0.6024051308631897	0
334	19.53976529622014	2.1115070921950974e-05	0.6034044623374939	0
335	19.589940296980785	2.1562838810496032e-05	0.6044120192527771	0
336	19.640160297742113	2.199464142904617e-05	0.6054217219352722	0
337	19.69033529850276	2.2435498976847157e-05	0.6064376831054688	0
338	19.740510299263406	2.287349707330577e-05	0.6074381470680237	0
339	19.79068530002405	2.33065784414066e-05	0.6084420084953308	0
340	19.84090530078538	2.3726257495582104e-05	0.6094381213188171	0
341	19.891080301546026	2.4192053388105705e-05	0.6104504466056824	0
342	19.941255302306672	2.4614055291749537e-05	0.6114533543586731	0
343	19.991430303067318	2.5058565370272845e-05	0.6124581694602966	0
344	20.041650303828646	2.5471703338553198e-05	0.613454282283783	0
345	20.091825304589293	2.5890989491017535e-05	0.6144563555717468	0
346	20.14200030534994	2.6330040782340802e-05	0.615473210811615	0
347	20.192220306111267	2.6761757908388972e-05	0.6164672374725342	0
348	20.242395306871913	2.7173577109351754e-05	0.6174765825271606	0
349	20.29257030763256	2.759568451438099e-05	0.6184778213500977	0
350	20.342745308393205	2.797705565171782e-05	0.6194818019866943	0
351	20.392965309154533	2.8425714845070615e-05	0.6204923391342163	0
352	20.44314030991518	2.8810338335460983e-05	0.6214995980262756	0
353	20.493315310675825	2.9213390007498674e-05	0.6224958896636963	0
354	20.543535311437154	2.9606577300000936e-05	0.6235098838806152	0
355	20.5937103121978	2.99845305562485e-05	0.6245067119598389	0
356	20.643885312958446	3.035003101103939e-05	0.6255012154579163	0
357	20.694060313719092	3.073952757404186e-05	0.6265215277671814	0
358	20.74428031448042	3.108477176283486e-05	0.6275253295898438	0
359	20.794455315241066	3.146898598060943e-05	0.6285221576690674	0
360	20.844630316001712	3.179896521032788e-05	0.6295379400253296	0
361	20.89480531676236	3.212465890101157e-05	0.6305313110351562	0
362	20.945025317523687	3.246637061238289e-05	0.6315321922302246	0
363	20.995200318284333	3.279753582319245e-05	0.6325379014015198	0
364	21.04537531904498	3.311907494207844e-05	0.6335328221321106	0
365	21.095595319806307	3.343195567140356e-05	0.6345514059066772	0
366	21.145770320566953	3.3722768421284854e-05	0.6355499625205994	0
367	21.1959453213276	3.4006647183559835e-05	0.6365507245063782	0
368	21.246120322088245	3.4285822039237246e-05	0.6375524997711182	0
369	21.296340322849574	3.454672696534544e-05	0.6385641694068909	0
370	21.34651532361022	3.4815129765775055e-05	0.6395671367645264	0
371	21.396690324370866	3.505828499328345e-05	0.6405620574951172	0
372	21.446910325132194	3.534427742124535e-05	0.6415770053863525	0
373	21.49708532589284	3.559548349585384e-05	0.6426066160202026	0
374	21.547260326653486	3.57845492544584e-05	0.6436094641685486	0
375	21.597435327414132	3.601364005589858e-05	0.6446100473403931	0
376	21.64765532817546	3.6194549466017634e-05	0.6456115245819092	0
377	21.697830328936107	3.639053102233447e-05	0.6466144919395447	0
378	21.748005329696753	3.657742854557e-05	0.6476234793663025	0
379	21.79822533045808	3.6764144169865176e-05	0.6486358046531677	0
380	21.848400331218727	3.691895472002216e-05	0.6496362090110779	0
381	21.898575331979373	3.708649455802515e-05	0.6506357789039612	0
382	21.94875033274002	3.721658140420914e-05	0.6516364216804504	0
383	21.998970333501347	3.736528378794901e-05	0.6526414752006531	0
384	22.049145334261993	3.748862218344584e-05	0.6536398530006409	0
385	22.09932033502264	3.76244424842298e-05	0.6546391844749451	0
386	22.149495335783286	3.774370634346269e-05	0.6556435823440552	0
387	22.199715336544614	3.7851492379559204e-05	0.656643807888031	0
388	22.24989033730526	3.795318480115384e-05	0.6576502919197083	0
389	22.300065338065906	3.8059679354773834e-05	0.6586505174636841	0
390	22.350285338827234	3.814279261860065e-05	0.6596518158912659	0
391	22.40046033958788	3.8240483263507485e-05	0.6606529355049133	0
392	22.450635340348526	3.8314461562549695e-05	0.6616636514663696	0
393	22.500810341109172	3.8391932321246713e-05	0.6626529097557068	0
394	22.5510303418705	3.848151027341373e-05	0.6636754274368286	0
395	22.601205342631147	3.8540085370186716e-05	0.6646851301193237	0
396	22.651380343391793	3.860200013150461e-05	0.6656808853149414	0
397	22.70160034415312	3.864438258460723e-05	0.6667020916938782	0
398	22.751775344913767	3.8647078326903284e-05	0.6676937341690063	0
399	22.801950345674413	3.860385186271742e-05	0.6687048673629761	0
400	22.85212534643506	3.854783426504582e-05	0.6697100400924683	0
401	22.902345347196388	3.843905869871378e-05	0.6707029938697815	0
402	22.952520347957034	3.8340993341989815e-05	0.6717073917388916	0
403	23.00269534871768	3.821480640908703e-05	0.6727026104927063	0
404	23.052915349479008	3.8102072721812874e-05	0.6737094521522522	0
405	23.103090350239654	3.797424506046809e-05	0.6747235655784607	0
406	23.1532653510003	3.7843885365873575e-05	0.6757165789604187	0
407	23.203440351760946	3.77138567273505e-05	0.6767215132713318	0
408	23.253660352522274	3.7575242458842695e-05	0.6777311563491821	0
409	23.30383535328292	3.7434427213156596e-05	0.6787398457527161	0
410	23.354010354043567	3.729551826836541e-05	0.6797320246696472	0
411	23.404185354804213	3.7151137803448364e-05	0.6807352900505066	0
412	23.45440535556554	3.70032103091944e-05	0.6817361116409302	0
413	23.504580356326187	3.685853153001517e-05	0.6827424168586731	0
414	23.554755357086833	3.669964644359425e-05	0.6837475299835205	0
415	23.60497535784816	3.655930049717426e-05	0.6847431063652039	0
416	23.655150358608807	3.6404297134140506e-05	0.6857663989067078	0
417	23.705325359369454	3.625845420174301e-05	0.686762809753418	0
418	23.7555003601301	3.610269050113857e-05	0.6877791285514832	0
419	23.805720360891428	3.595085217966698e-05	0.688783586025238	0
420	23.855895361652074	3.5780536563834175e-05	0.6897733211517334	0
421	23.90607036241272	3.5627490433398634e-05	0.6907846927642822	0
422	23.95629036317405	3.546650623320602e-05	0.6917834281921387	0
423	24.006465363934694	3.5304081393405795e-05	0.6928024888038635	0
424	24.05664036469534	3.515374555718154e-05	0.6937945485115051	0
425	24.106815365455986	3.497689249343239e-05	0.6947880983352661	0
426	24.157035366217315	3.482788088149391e-05	0.6958020329475403	0
427	24.20721036697796	3.4671036701183766e-05	0.6968200206756592	0
428	24.257385367738607	3.450393705861643e-05	0.6978167295455933	0
429	24.307560368499253	3.435506368987262e-05	0.6988194584846497	0
430	24.35778036926058	3.417754851398058e-05	0.6998111009597778	0
431	24.407955370021227	3.403286245884374e-05	0.700823962688446	0
432	24.458130370781873	3.3866395824588835e-05	0.7018274068832397	0
433	24.5083503715432	3.370832928339951e-05	0.7028322815895081	0
434	24.558525372303848	3.3551357773831114e-05	0.7038339376449585	0
435	24.608700373064494	3.338826718390919e-05	0.7048431634902954	0
436	24.65887537382514	3.3235068258363754e-05	0.705839991569519	0
437	24.709095374586468	3.307916995254345e-05	0.7068549394607544	0
438	24.759270375347114	3.293380723334849e-05	0.7078662514686584	0
439	24.80944537610776	3.276797360740602e-05	0.7088706493377686	0
440	24.85966537686909	3.262209429522045e-05	0.7098638415336609	0
441	24.909840377629735	3.245910193072632e-05	0.7108656764030457	0
442	24.96001537839038	3.2318068406311795e-05	0.7118779420852661	0
443	25.010190379151027	3.216373443137854e-05	0.7128851413726807	0
444	25.060410379912355	3.2019466743804514e-05	0.7138772010803223	0
445	25.110585380673	3.186704634572379e-05	0.7148951888084412	0
446	25.160760381433647	3.172062861267477e-05	0.7158809900283813	0
447	25.210980382194975	3.1579049391439185e-05	0.7168964147567749	0
448	25.26115538295562	3.143351204926148e-05	0.7179039120674133	0
449	25.311330383716268	3.129525066469796e-05	0.7189045548439026	0
450	25.361505384476914	3.114851642749272e-05	0.7199172973632812	0
451	25.411725385238242	3.101357651758008e-05	0.7209170460700989	0
452	25.461900385998888	3.0866511224303395e-05	0.721908688545227	0
453	25.512075386759534	3.074120468227193e-05	0.7229238748550415	0
454	25.56225038752018	3.060214294237085e-05	0.7239246964454651	0
455	25.61247038828151	3.046715573873371e-05	0.7249287962913513	0
456	25.662645389042154	3.03375181829324e-05	0.7259301543235779	0
457	25.7128203898028	3.0203404094208963e-05	0.7269386649131775	0
458	25.76304039056413	3.0089673600741662e-05	0.7279714345932007	0
459	25.813215391324775	2.9951923352200538e-05	0.7289814352989197	0
460	25.86339039208542	2.983166450576391e-05	0.7299736738204956	0
461	25.913565392846067	2.9695109333260916e-05	0.7309854626655579	0
462	25.963785393607395	2.9579879992525093e-05	0.7319757342338562	0
463	26.01396039436804	2.9454784453264438e-05	0.7329999804496765	0
464	26.064135395128687	2.9340222681639716e-05	0.7339980602264404	0
465	26.114355395890016	2.9212615118012764e-05	0.7349966168403625	0
466	26.16453039665066	2.909997601818759e-05	0.7359985709190369	0
467	26.214705397411308	2.8978753107367083e-05	0.7370043396949768	0
468	26.264880398171954	2.8868773370049894e-05	0.7379961609840393	0
469	26.315100398933282	2.8749580451403745e-05	0.7389965653419495	0
470	26.365275399693928	2.8645803467952646e-05	0.7400026917457581	0
471	26.415450400454574	2.852998841262888e-05	0.741021454334259	0
472	26.46562540121522	2.842694811988622e-05	0.7420253157615662	0
473	26.51584540197655	2.831301389960572e-05	0.7430112361907959	0
474	26.566020402737195	2.821309863065835e-05	0.7440303564071655	0
475	26.61619540349784	2.8100781491957605e-05	0.7450438141822815	0
476	26.66641540425917	2.8004709747619927e-05	0.7460376024246216	0
477	26.716590405019815	2.7896929168491624e-05	0.7470288276672363	0
478	26.76676540578046	2.780076101771556e-05	0.7480283975601196	0
479	26.816940406541107	2.769601451291237e-05	0.7490431666374207	0
480	26.867160407302435	2.760387178568635e-05	0.7500541806221008	0
481	26.91733540806308	2.750286330410745e-05	0.75105881690979	0
482	26.967510408823728	2.7413296265876852e-05	0.7520667314529419	0
483	27.017730409585056	2.7311023586662486e-05	0.7530626654624939	0
484	27.067905410345702	2.7226536985835992e-05	0.7540588974952698	0
485	27.118080411106348	2.7125453925691545e-05	0.7550734281539917	0
486	27.168255411866994	2.7041091016144492e-05	0.7560763955116272	0
487	27.218475412628322	2.6943742341245525e-05	0.7570794820785522	0
488	27.26865041338897	2.6859817808144726e-05	0.7580795884132385	0
489	27.318825414149615	2.6770932890940458e-05	0.7590744495391846	0
490	27.369045414910943	2.6680885639507324e-05	0.7600879073143005	0
491	27.41922041567159	2.660686368471943e-05	0.7610852122306824	0
492	27.469395416432235	2.650947317306418e-05	0.7620993852615356	0
493	27.51957041719288	2.6436973712407053e-05	0.7630946636199951	0
494	27.56979041795421	2.634659358591307e-05	0.7641007900238037	0
495	27.619965418714855	2.627200046845246e-05	0.7651044726371765	0
496	27.6701404194755	2.61904551734915e-05	0.7661133408546448	0
497	27.720315420236147	2.610762749100104e-05	0.7671096324920654	0
498	27.770535420997476	2.6040695956908166e-05	0.7680986523628235	0
499	27.820710421758122	2.5949813789338805e-05	0.7691119909286499	0
500	27.870885422518768	2.588367715361528e-05	0.7700971364974976	0
501	27.921105423280096	2.5801165975281037e-05	0.771104097366333	0
502	27.971280424040742	2.57320461969357e-05	0.7721078395843506	0
503	28.02145542480139	2.566075090726372e-05	0.7731159329414368	0
504	28.071630425562034	2.557797051849775e-05	0.7741217613220215	0
505	28.121850426323363	2.551975194364786e-05	0.7751115560531616	0
506	28.17202542708401	2.5438761440454982e-05	0.7761305570602417	0
507	28.222200427844655	2.5377266865689307e-05	0.7771335244178772	0
508	28.272420428605983	2.53065736615099e-05	0.7781356573104858	0
509	28.32259542936663	2.5237228328478523e-05	0.7791473865509033	0
510	28.372770430127275	2.5177620045724325e-05	0.7801394462585449	0
511	28.42294543088792	2.5100505808950402e-05	0.7811390161514282	0
512	28.47316543164925	2.504389703972265e-05	0.7821472883224487	0
513	28.523340432409896	2.4974126063170843e-05	0.7831642031669617	0
514	28.57351543317054	2.4911712898756377e-05	0.7841641902923584	0
515	28.623690433931188	2.4846192900440656e-05	0.7851659655570984	0
516	28.673910434692516	2.4784545530565083e-05	0.7861591577529907	0
517	28.724085435453162	2.4725992261664942e-05	0.7871573567390442	0
518	28.774260436213808	2.465984107402619e-05	0.7881686687469482	0
519	28.824480436975136	2.4606262741144747e-05	0.7891702651977539	0
520	28.874655437735782	2.4537741410313174e-05	0.7901757955551147	0
521	28.92483043849643	2.4488006602041423e-05	0.7911654710769653	0
522	28.975005439257075	2.4424401999567635e-05	0.7921838760375977	0
523	29.025225440018403	2.4374045096919872e-05	0.7931926250457764	0
524	29.07540044077905	2.431195207464043e-05	0.7942001819610596	0
525	29.125575441539695	2.4259639758383855e-05	0.7952025532722473	0
526	29.175795442301023	2.4200156985898502e-05	0.7962004542350769	0
527	29.22597044306167	2.4151891921064816e-05	0.7972152233123779	0
528	29.276145443822315	2.409312583040446e-05	0.7982141375541687	0
529	29.32632044458296	2.404220140306279e-05	0.7992035746574402	0
530	29.35975544508983	2.3995178707991727e-05	0.8000618815422058	0
531	29.409930445850478	2.393035356362816e-05	0.8002206683158875	0
532	29.460105446611124	2.3814918677089736e-05	0.7992193102836609	0
533	29.510325447372452	2.3735647118883207e-05	0.7982079386711121	0
534	29.560500448133098	2.364600914006587e-05	0.7972006797790527	0
535	29.610675448893744	2.3574941224069335e-05	0.7961927056312561	0
536	29.66085044965439	2.349657916056458e-05	0.7952030897140503	0
537	29.71107045041572	2.342559673707001e-05	0.7941816449165344	0
538	29.761245451176364	2.3357792088063434e-05	0.7931914329528809	0
539	29.81142045193701	2.3279879314941354e-05	0.7921755313873291	0
540	29.861595452697657	2.3223978132591583e-05	0.7911781668663025	0
541	29.911815453458985	2.314823359483853e-05	0.7901726961135864	0
542	29.96199045421963	2.3092079572961666e-05	0.7891619801521301	0
543	30.012165454980277	2.302033499290701e-05	0.788157045841217	0
544	30.062385455741605	2.2962034563533962e-05	0.7871605753898621	0
545	30.11256045650225	2.2896983864484355e-05	0.7861607670783997	0
546	30.162735457262897	2.2832218746771105e-05	0.785163402557373	0
547	30.212910458023543	2.2774011085857637e-05	0.7841631174087524	0
548	30.26313045878487	2.27112013817532e-05	0.783153235912323	0
549	30.313305459545518	2.2649937818641774e-05	0.7821418642997742	0
550	30.363480460306164	2.2594487745664082e-05	0.7811447978019714	0
551	30.413700461067492	2.252893136756029e-05	0.7801359295845032	0
552	30.463875461828138	2.24747127504088e-05	0.7791312336921692	0
553	30.514050462588784	2.241101537947543e-05	0.7781301140785217	0
554	30.56422546334943	2.235615647805389e-05	0.7771275043487549	0
555	30.61444546411076	2.229365964012686e-05	0.7761279940605164	0
556	30.664620464871405	2.223815863544587e-05	0.7751043438911438	0
557	30.71479546563205	2.217723522335291e-05	0.7741135358810425	0
558	30.76501546639338	2.2125655959825963e-05	0.7731048464775085	0
559	30.815190467154025	2.20670917769894e-05	0.7721042633056641	0
560	30.86536546791467	2.2010393877280876e-05	0.771105170249939	0
561	30.915540468675317	2.1953814211883582e-05	0.7701002955436707	0
562	30.965760469436646	2.190010309277568e-05	0.7691183686256409	0
563	31.01593547019729	2.1841393390786834e-05	0.7681154012680054	0
564	31.066110470957938	2.178555223508738e-05	0.7671238780021667	0
565	31.116285471718584	2.1726560589740984e-05	0.7661179900169373	0
566	31.166505472479912	2.1672567527275532e-05	0.7651137113571167	0
567	31.216680473240558	2.16118642129004e-05	0.7641076445579529	0
568	31.266855474001204	2.156258051400073e-05	0.7631120085716248	0
569	31.317075474762532	2.1498315618373454e-05	0.7621156573295593	0
570	31.36725047552318	2.1448231564136222e-05	0.7611022591590881	0
571	31.417425476283825	2.1385832951636985e-05	0.760087251663208	0
572	31.46760047704447	2.1332902178983204e-05	0.7590862512588501	0
573	31.5178204778058	2.12745726457797e-05	0.758091926574707	0
574	31.567995478566445	2.1217330868239515e-05	0.7570911049842834	0
575	31.61817047932709	2.1157571609364823e-05	0.7560864686965942	0
576	31.66839048008842	2.1100519006722607e-05	0.7550827264785767	0
577	31.718565480849065	2.104011582559906e-05	0.7540693283081055	0
578	31.76874048160971	2.0984816728741862e-05	0.7530680894851685	0
579	31.818915482370357	2.0925841454300098e-05	0.7520723938941956	0
580	31.869135483131686	2.086809035972692e-05	0.7510650157928467	0
581	31.919310483892332	2.080460217257496e-05	0.7500516772270203	0
582	31.969485484652978	2.0749785107909702e-05	0.749051570892334	0
583	32.019660485413624	2.0680949091911316e-05	0.7480341196060181	0
584	32.06988048617495	2.0630362996598706e-05	0.7470489144325256	0
585	32.1200554869356	2.0559256881824695e-05	0.7460497617721558	0
586	32.170230487696244	2.050947841780726e-05	0.7450482845306396	0
587	32.22045048845757	2.043624954239931e-05	0.7440454363822937	0
588	32.27062548921822	2.0375258827698417e-05	0.7430266737937927	0
589	32.320800489978865	2.0310462787165307e-05	0.7420225739479065	0
590	32.37097549073951	2.024899731623009e-05	0.7410182952880859	0
591	32.42119549150084	2.0179322746116668e-05	0.7400148510932922	0
592	32.471370492261485	2.0114130165893584e-05	0.7390154600143433	0
593	32.52154549302213	2.0044963093823753e-05	0.7380011677742004	0
594	32.57176549378346	1.997818071686197e-05	0.7370020747184753	0
595	32.621940494544106	1.9914330550818704e-05	0.7360076308250427	0
596	32.67211549530475	1.9837822037516162e-05	0.7349994778633118	0
597	32.7222904960654	1.977300962607842e-05	0.7339932918548584	0
598	32.772510496826726	1.9693488866323605e-05	0.7329917550086975	0
599	32.82268549758737	1.96257205971051e-05	0.7319744825363159	0
600	32.87286049834802	1.9540633729775436e-05	0.7309820652008057	0
601	32.923080499109346	1.9475477529340424e-05	0.7299593687057495	0
602	32.97325549986999	1.939564936037641e-05	0.7289648056030273	0
603	33.02343050063064	1.9316199541208334e-05	0.7279589176177979	0
604	33.073605501391285	1.923308809637092e-05	0.7269248962402344	0
605	33.12382550215261	1.914794120239094e-05	0.7259232401847839	0
606	33.17400050291326	1.907660043798387e-05	0.7249144315719604	0
607	33.224175503673905	1.897883521451149e-05	0.723918616771698	0
608	33.27435050443455	1.890565727080684e-05	0.7229111194610596	0
609	33.32457050519588	1.8804092178470455e-05	0.7218987941741943	0
610	33.374745505956525	1.8731168893282302e-05	0.7208935618400574	0
611	33.42492050671717	1.863094439613633e-05	0.7199011445045471	0
612	33.4751405074785	1.853950379882008e-05	0.7188936471939087	0
613	33.525315508239146	1.843847167037893e-05	0.7178908586502075	0
614	33.57549050899979	1.834614886320196e-05	0.7168880105018616	0
615	33.62566550976044	1.8240663848700933e-05	0.7158798575401306	0
616	33.675885510521766	1.814867209759541e-05	0.7148801684379578	0
617	33.72606051128241	1.8035949324257672e-05	0.7138796448707581	0
618	33.77623551204306	1.7936283256858587e-05	0.7128794193267822	0
619	33.82645551280439	1.7822536392486654e-05	0.7118792533874512	0
620	33.87663051356503	1.7716281945467927e-05	0.7108640670776367	0
621	33.92680551432568	1.7594318705960177e-05	0.7098677754402161	0
622	33.976980515086325	1.748592512740288e-05	0.7088733911514282	0
623	34.02720051584765	1.7358297554892488e-05	0.7078601121902466	0
624	34.0773755166083	1.7243415641132742e-05	0.7068565487861633	0
625	34.127550517368945	1.710568176349625e-05	0.7058556079864502	0
626	34.17772551812959	1.6988316929200664e-05	0.7048443555831909	0
627	34.22794551889092	1.6850914107635617e-05	0.7038396596908569	0
628	34.278120519651566	1.672464350122027e-05	0.7028468251228333	0
629	34.32829552041221	1.6576417692704126e-05	0.7018294930458069	0
630	34.37851552117354	1.644349868001882e-05	0.7008297443389893	0
631	34.428690521934186	1.6290461644530296e-05	0.6998156309127808	0
632	34.47886552269483	1.6154099284904078e-05	0.6988303065299988	0
633	34.52904052345548	1.5988160157576203e-05	0.6978215575218201	0
634	34.57926052421681	1.5845324014662765e-05	0.6968141794204712	0
635	34.62943552497745	1.5673045709263533e-05	0.695810079574585	0
636	34.6796105257381	1.5511690435232595e-05	0.6947997212409973	0
637	34.72983052649943	1.5351288311649114e-05	0.6938145160675049	0
638	34.78000552726007	1.517702366982121e-05	0.6928052306175232	0
639	34.83018052802072	1.5003680346126202e-05	0.6917936205863953	0
640	34.880355528781365	1.4825665857642889e-05	0.6908034682273865	0
641	34.93057552954269	1.4631505109719e-05	0.6897916793823242	0
642	34.98075053030334	1.4452058167080395e-05	0.6887944936752319	0
643	35.030925531063986	1.4248700608732179e-05	0.6877894401550293	0
644	35.081145531825314	1.4052308870304842e-05	0.6867718696594238	0
645	35.13132053258596	1.3844353816239163e-05	0.6857807636260986	0
646	35.181495533346606	1.3634815331897698e-05	0.6847677230834961	0
647	35.23167053410725	1.3423075870377943e-05	0.6837588548660278	0
648	35.28189053486858	1.3209170901973266e-05	0.6827583909034729	0
649	35.332065535629226	1.2979426173842512e-05	0.6817547678947449	0
650	35.38224053638987	1.2756560863635968e-05	0.6807473301887512	0
651	35.43241553715052	1.2515408343460876e-05	0.6797394752502441	0
652	35.48263553791185	1.228322071256116e-05	0.6787437200546265	0
653	35.53281053867249	1.2033480743411928e-05	0.6777487397193909	0
654	35.58298553943314	1.1790790267696138e-05	0.6767353415489197	0
655	35.63320554019447	1.1522400200192351e-05	0.6757274866104126	0
656	35.68338054095511	1.1275801625743043e-05	0.6747264862060547	0
657	35.73355554171576	1.0989739166689105e-05	0.6737281084060669	0
658	35.783730542476405	1.0733811905083712e-05	0.6727275252342224	0
659	35.833950543237734	1.0442667189636268e-05	0.6717175245285034	0
660	35.88412554399838	1.0165394996874966e-05	0.6707096695899963	0
661	35.934300544759026	9.868372217169963e-06	0.6697188019752502	0
662	35.984520545520354	9.57494012254756e-06	0.6687067151069641	0
663	36.034695546281	9.261044397135265e-06	0.6677082777023315	0
664	36.084870547041646	8.970549060904887e-06	0.6667165160179138	0
665	36.13504554780229	8.650490599393379e-06	0.6656984090805054	0
666	36.18526554856362	8.327939212904312e-06	0.6646873354911804	0
667	36.23544054932427	8.003226867003832e-06	0.6636907458305359	0
668	36.28561555008491	7.663192263862584e-06	0.6626735925674438	0
669	36.33579055084556	7.336012458836194e-06	0.661571741104126	0
670	36.38601055160689	6.927303275006125e-06	0.6606213450431824	0
671	36.43618555236753	6.568059689016081e-06	0.6596230864524841	0
672	36.48636055312818	6.222753199836006e-06	0.6586259603500366	0
673	36.53658055388951	5.854077699041227e-06	0.6576152443885803	0
674	36.58675555465015	5.500820407178253e-06	0.6566230654716492	0
675	36.6369305554108	5.126703399582766e-06	0.655622124671936	0
676	36.687105556171446	4.74153694085544e-06	0.6546241044998169	0
677	36.737325556932774	4.3618820200208575e-06	0.6536114811897278	0
678	36.78750055769342	3.976767402491532e-06	0.6526129841804504	0
679	36.837675558454066	3.585658532756497e-06	0.6515976190567017	0
680	36.887895559215394	3.197988689862541e-06	0.6506078839302063	0
681	36.93807055997604	2.7920871161768446e-06	0.649604082107544	0
682	36.98824556073669	2.3892312128737103e-06	0.648604691028595	0
683	37.03842056149733	1.989625161513686e-06	0.6476049423217773	0
684	37.08864056225866	1.5794777254996006e-06	0.6465945243835449	0
685	37.13881556301931	1.1224817626498407e-06	0.6456374526023865	0
686	37.18899056377995	6.310397111519706e-07	0.6445236206054688	0
687	37.23921056454128	2.3193830145373795e-07	0.6435593962669373	0
688	37.28938556530193	-1.9487323754674435e-07	0.6425670385360718	0
689	37.33956056606257	-6.363412694554427e-07	0.6415877342224121	0
690	37.38973556682322	-9.706226364869508e-07	0.6405613422393799	0
691	37.43995556758455	-1.3584319731307914e-06	0.6395671367645264	0
692	37.490130568345194	-1.8062627304971102e-06	0.6385470032691956	0
693	37.54030556910584	-2.2383469513442833e-06	0.6375520825386047	0
694	37.590480569866486	-2.6641421300155343e-06	0.6365421414375305	0
695	37.640700570627814	-3.0946380320528988e-06	0.6355474591255188	0
696	37.69087557138846	-3.5177270092390245e-06	0.6345399022102356	0
697	37.741050572149106	-3.951373855670681e-06	0.6335417032241821	0
698	37.791270572910435	-4.372038802102907e-06	0.6325448751449585	0
699	37.84144557367108	-4.809829533769516e-06	0.6315354108810425	0
700	37.89162057443173	-5.240538484940771e-06	0.6305438280105591	0
701	37.94179557519237	-5.6494313867005985e-06	0.6295387744903564	0
702	37.9920155759537	-6.059281076886691e-06	0.6285375952720642	0
703	38.04219057671435	-6.493378350569401e-06	0.6275448203086853	0
704	38.09236557747499	-6.898519586684415e-06	0.6265360116958618	0
705	38.14258557823632	-7.32053331375937e-06	0.6255311965942383	0
706	38.19276057899697	-7.70998030930059e-06	0.6245517730712891	0
707	38.242935579757614	-8.124934538500383e-06	0.6235276460647583	0
708	38.29311058051826	-8.521014933648985e-06	0.6225360631942749	0
709	38.34333058127959	-8.92538173502544e-06	0.6215220093727112	0
710	38.393505582040234	-9.324297025159467e-06	0.6205174326896667	0
711	38.44368058280088	-9.727449651109055e-06	0.619503915309906	0
712	38.49390058356221	-1.0078801096824463e-05	0.6185190677642822	0
713	38.544075584322854	-1.0349390322517138e-05	0.6176047325134277	0
714	38.5942505850835	-1.0687214853533078e-05	0.6164923906326294	0
715	38.64442558584415	-1.1084733159805182e-05	0.6154899001121521	0
716	38.694645586605475	-1.1426618584664539e-05	0.6144823431968689	0
717	38.74482058736612	-1.176745536213275e-05	0.6134711503982544	0
718	38.79499558812677	-1.2103312656108756e-05	0.6124741435050964	0
719	38.84517058888741	-1.2434528798621614e-05	0.6114822626113892	0
720	38.89539058964874	-1.2735213203995954e-05	0.6104721426963806	0
721	38.94556559040939	-1.3061605386610609e-05	0.6094697713851929	0
722	38.99574059117003	-1.3329049579624552e-05	0.6084636449813843	0
723	39.04596059193136	-1.3625949577544816e-05	0.6074693202972412	0
724	39.09613559269201	-1.3892507013224531e-05	0.6064684987068176	0
725	39.146310593452654	-1.4171499969961587e-05	0.6054517030715942	0
726	39.1964855942133	-1.4424229448195547e-05	0.6044594645500183	0
727	39.24670559497463	-1.4688753253722098e-05	0.6034364104270935	0
728	39.296880595735274	-1.4905885109328665e-05	0.6024363040924072	0
729	39.34705559649592	-1.5138715752982534e-05	0.6014389395713806	0
730	39.39727559725725	-1.5366458683274686e-05	0.6004323959350586	0
731	39.447450598017895	-1.557212817715481e-05	0.5994223356246948	0
732	39.49762559877854	-1.5750641978229396e-05	0.5984304547309875	0
733	39.54780059953919	-1.5919415091047995e-05	0.597416341304779	0
734	39.598020600300515	-1.6091975339804776e-05	0.5964282155036926	0
735	39.64819560106116	-1.6249785403488204e-05	0.5954256057739258	0
736	39.69837060182181	-1.6400559616158716e-05	0.594435453414917	0
737	39.748590602583135	-1.6547770428587683e-05	0.5934206247329712	0
738	39.79876560334378	-1.6653333659633063e-05	0.5924218893051147	0
739	39.84894060410443	-1.676991450949572e-05	0.5914313197135925	0
740	39.899115604865074	-1.6889058315427974e-05	0.5904272198677063	0
741	39.9493356056264	-1.6983871319098398e-05	0.5894132256507874	0
742	39.99951060638705	-1.7073285562219098e-05	0.5884011387825012	0
743	40.049685607147694	-1.7140901036327705e-05	0.5873974561691284	0
744	40.09986060790834	-1.7196349290315993e-05	0.586409330368042	0
745	40.15008060866967	-1.7261159882764332e-05	0.5853975415229797	0
746	40.200255609430315	-1.7295909856329672e-05	0.584394097328186	0
747	40.25043061019096	-1.7345131709589623e-05	0.5833913683891296	0
748	40.30065061095229	-1.736374724714551e-05	0.582382321357727	0
749	40.350825611712935	-1.738725222821813e-05	0.5813778042793274	0
750	40.40100061247358	-1.7381704310537316e-05	0.5803727507591248	0
751	40.45117561323423	-1.7389091226505116e-05	0.5793706774711609	0
752	40.501395613995555	-1.7373196897096932e-05	0.5783675909042358	0
753	40.5515706147562	-1.737183083605487e-05	0.5773528814315796	0
754	40.60174561551685	-1.7334503354504704e-05	0.5763562917709351	0
755	40.65192061627749	-1.7300235413131304e-05	0.5753531455993652	0
756	40.70214061703882	-1.7251646568183787e-05	0.5743466019630432	0
757	40.75231561779947	-1.7202168237417936e-05	0.5733428001403809	0
758	40.802490618560114	-1.7144488083431497e-05	0.5723465085029602	0
759	40.85271061932144	-1.709115349513013e-05	0.5713497996330261	0
760	40.90288562008209	-1.7015408957377076e-05	0.5703420042991638	0
761	40.953060620842734	-1.6941885405685753e-05	0.5693318247795105	0
762	41.00323562160338	-1.6857806258485653e-05	0.5683303475379944	0
763	41.05345562236471	-1.677246473263949e-05	0.5673299431800842	0
764	41.103630623125355	-1.6690042684786022e-05	0.5663237571716309	0
765	41.153805623886	-1.658814653637819e-05	0.5653207898139954	0
766	41.20402562464733	-1.6494394003530033e-05	0.5643036961555481	0
767	41.254200625407975	-1.638411049498245e-05	0.5633066892623901	0
768	41.30437562616862	-1.6287158359773457e-05	0.5623047351837158	0
769	41.35455062692927	-1.6178930309251882e-05	0.561305582523346	0
770	41.404770627690596	-1.605953002581373e-05	0.5603037476539612	0
771	41.45494562845124	-1.5940535377012566e-05	0.5592898726463318	0
772	41.50512062921189	-1.5819990949239582e-05	0.5582998991012573	0
773	41.555340629973216	-1.5705507394159213e-05	0.5572965741157532	0
774	41.60551563073386	-1.5572039046674035e-05	0.5562916398048401	0
775	41.65569063149451	-1.548153886687942e-05	0.5552493333816528	0
776	41.705865632255154	-1.532833994133398e-05	0.5542476773262024	0
777	41.75608563301648	-1.5207754586299416e-05	0.5532483458518982	0
778	41.80626063377713	-1.5061407793837134e-05	0.5522449612617493	0
779	41.856435634537775	-1.4938359527150169e-05	0.5512515306472778	0
780	41.90661063529842	-1.4795999049965758e-05	0.5502426028251648	0
781	41.95683063605975	-1.4663516594737303e-05	0.5492468476295471	0
782	42.007005636820395	-1.452023207093589e-05	0.5482466220855713	0
783	42.05718063758104	-1.4396850929188076e-05	0.5472334623336792	0
784	42.10740063834237	-1.4247282706492115e-05	0.5462174415588379	0
785	42.157575639103015	-1.4123211258265655e-05	0.5452167391777039	0
786	42.20775063986366	-1.3971442967886105e-05	0.544218122959137	0
787	42.25792564062431	-1.3837871847499628e-05	0.5432168841362	0
788	42.308145641385636	-1.3692254469788168e-05	0.5422119498252869	0
789	42.35832064214628	-1.3560236766352318e-05	0.5412141680717468	0
790	42.40849564290693	-1.3420198229141533e-05	0.5402054190635681	0
791	42.458715643668256	-1.328214602835942e-05	0.53919917345047	0
792	42.5088906444289	-1.3145562661520671e-05	0.5382091403007507	0
793	42.55906564518955	-1.3006277185922954e-05	0.5371995568275452	0
794	42.609240645950194	-1.2875178072135895e-05	0.5361962914466858	0
795	42.65946064671152	-1.2735288692056201e-05	0.5351892113685608	0
796	42.70963564747217	-1.2613267244887538e-05	0.5341784358024597	0
797	42.759810648232815	-1.246567535417853e-05	0.5331737995147705	0
798	42.81003064899414	-1.2337158295849804e-05	0.5321832895278931	0
799	42.86020564975479	-1.2203417099954095e-05	0.5311715006828308	0
800	42.910380650515435	-1.207757850352209e-05	0.5301741361618042	0
801	42.96055565127608	-1.1941927368752658e-05	0.5291650891304016	0
802	43.01077565203741	-1.1817660379165318e-05	0.5281547904014587	0
803	43.060950652798056	-1.1680979696393479e-05	0.5271419286727905	0
804	43.1111256535587	-1.156150483438978e-05	0.526141345500946	0
805	43.16130065431935	-1.1424435797380283e-05	0.5251573920249939	0
806	43.211520655080676	-1.1311420166748576e-05	0.5241371989250183	0
807	43.26169565584132	-1.1176061889273115e-05	0.523139476776123	0
808	43.31187065660197	-1.1062435987696517e-05	0.5221385359764099	0
809	43.3620906573633	-1.0935095815511886e-05	0.5211257934570312	0
810	43.41226565812394	-1.0820514944498427e-05	0.5201300382614136	0
811	43.46244065888459	-1.0697315701690968e-05	0.5191195011138916	0
812	43.512615659645235	-1.0588604709482752e-05	0.5181143283843994	0
813	43.56283566040656	-1.0464294973644428e-05	0.5171109437942505	0
814	43.61301066116721	-1.0354477126384154e-05	0.516111433506012	0
815	43.663185661927855	-1.0234097317152191e-05	0.5150911211967468	0
816	43.71340566268918	-1.0132003808394074e-05	0.5140933990478516	0
817	43.76358066344983	-1.0012287020799704e-05	0.5130857229232788	0
818	43.813755664210476	-9.908852916851174e-06	0.512103259563446	0
819	43.86393066497112	-9.792603123059962e-06	0.5111038088798523	0
820	43.91415066573245	-9.691721970739309e-06	0.5100967288017273	0
821	43.964325666493096	-9.580230653227773e-06	0.5090880393981934	0
822	44.01450066725374	-9.482117093284614e-06	0.5080906748771667	0
823	44.06472066801507	-9.37509503273759e-06	0.5071006417274475	0
824	44.114895668775716	-9.27411747397855e-06	0.50608891248703	0
825	44.16507066953636	-9.175400009553414e-06	0.5050832033157349	0
826	44.21524567029701	-9.075311936612707e-06	0.5040701627731323	0
827	44.26546567105834	-8.980065103969537e-06	0.5030770301818848	0
828	44.31564067181898	-8.880427230906207e-06	0.5020653605461121	0
829	44.36581567257963	-8.79145045473706e-06	0.5010545253753662	0
830	44.415990673340275	-8.685693501320202e-06	0.5000605583190918	0
831	44.4662106741016	-8.605140465078875e-06	0.4990479350090027	0
832	44.51638567486225	-8.500864169036504e-06	0.49806416034698486	0
833	44.566560675622895	-8.423887265962549e-06	0.49705198407173157	0
834	44.616780676384224	-8.32201294542756e-06	0.49604812264442444	0
835	44.66695567714487	-8.244893251685426e-06	0.49504444003105164	0
836	44.717130677905516	-8.149870154738892e-06	0.4940392076969147	0
837	44.76730567866616	-8.069094292295631e-06	0.49304211139678955	0
838	44.81752567942749	-7.983987416082527e-06	0.4920349717140198	0
839	44.867700680188136	-7.899688171164598e-06	0.49101048707962036	0
840	44.91787568094878	-7.819469828973524e-06	0.4900226891040802	0
841	44.96805068170943	-7.730657671345398e-06	0.4890146255493164	0
842	45.01827068247076	-7.662230018468108e-06	0.4880213439464569	0
843	45.0684456832314	-7.571639343950665e-06	0.48700955510139465	0
844	45.11862068399205	-7.503330834879307e-06	0.4859980344772339	0
845	45.16884068475338	-7.416363587253727e-06	0.4849981367588043	0
846	45.21901568551402	-7.349241514020832e-06	0.4840136766433716	0
847	45.26919068627467	-7.2689931585046e-06	0.48299941420555115	0
848	45.319365687035315	-7.198785169748589e-06	0.48200011253356934	0
849	45.36958568779664	-7.124252078938298e-06	0.48098406195640564	0
850	45.41976068855729	-7.052007276797667e-06	0.4799805283546448	0
851	45.469935689317936	-6.981030310271308e-06	0.47899290919303894	0
852	45.520155690079264	-6.91045443090843e-06	0.4779815077781677	0
853	45.57033069083991	-6.842906259407755e-06	0.47698429226875305	0
854	45.620505691600556	-6.77476327837212e-06	0.4759689271450043	0
855	45.6706806923612	-6.712854428769788e-06	0.4749407172203064	0
856	45.72090069312253	-6.645684152317699e-06	0.47400543093681335	0
857	45.771075693883176	-6.581610250577796e-06	0.47300514578819275	0
858	45.82125069464382	-6.51665231998777e-06	0.4719943404197693	0
859	45.87147069540515	-6.4518972067162395e-06	0.4709898829460144	0
860	45.9216456961658	-6.391143415385159e-06	0.46996062994003296	0
861	45.97182069692644	-6.328229119390016e-06	0.4689444601535797	0
862	46.02199569768709	-6.267825938266469e-06	0.4679460823535919	0
863	46.07221569844842	-6.206389116414357e-06	0.4669342637062073	0
864	46.12239069920906	-6.1467239902412985e-06	0.4659406542778015	0
865	46.17256569996971	-6.089254839025671e-06	0.46492239832878113	0
866	46.222740700730355	-6.030314125382574e-06	0.46393129229545593	0
867	46.272960701491684	-5.9729932218033355e-06	0.4629250168800354	0
868	46.32313570225233	-5.916071131650824e-06	0.46191707253456116	0
869	46.373310703012976	-5.861867066414561e-06	0.46092984080314636	0
870	46.423530703774304	-5.806738499813946e-06	0.45992329716682434	0
871	46.47370570453495	-5.75289732296369e-06	0.4589070975780487	0
872	46.523880705295596	-5.697814231098164e-06	0.4579169750213623	0
873	46.57405570605624	-5.645966211886844e-06	0.45690518617630005	0
874	46.62427570681757	-5.592480647464981e-06	0.4559045135974884	0
875	46.67445070757822	-5.542124199564569e-06	0.45489755272865295	0
876	46.72462570833886	-5.491797310241964e-06	0.4538889229297638	0
877	46.77484570910019	-5.4403099056798965e-06	0.45289021730422974	0
878	46.82502070986084	-5.391301783674862e-06	0.4518892168998718	0
879	46.87519571062148	-5.342344593373127e-06	0.4508850872516632	0
880	46.92537071138213	-5.292671630741097e-06	0.4498753845691681	0
881	46.97559071214346	-5.247052285994869e-06	0.44885578751564026	0
882	47.025765712904104	-5.198122380534187e-06	0.4478569030761719	0
883	47.07594071366475	-5.153041456651408e-06	0.4468494951725006	0
884	47.126115714425396	-5.10501104145078e-06	0.4458330273628235	0
885	47.176335715186724	-5.061409410700435e-06	0.44485095143318176	0
886	47.22651071594737	-5.015200258640107e-06	0.4438408613204956	0
887	47.276685716708016	-4.9711748033587355e-06	0.4428366422653198	0
888	47.326905717469344	-4.925979737890884e-06	0.44183817505836487	0
889	47.37708071822999	-4.884261670667911e-06	0.4408262372016907	0
890	47.42725571899064	-4.840328074351419e-06	0.4398276209831238	0
891	47.47743071975128	-4.799568159796763e-06	0.43882063031196594	0
892	47.52765072051261	-4.756157977681141e-06	0.4378109872341156	0
893	47.57782572127326	-4.716262992587872e-06	0.4368109405040741	0
894	47.6280007220339	-4.6747372834943235e-06	0.4358103573322296	0
895	47.67822072279523	-4.633792741515208e-06	0.43480202555656433	0
896	47.72839572355588	-4.595711743604625e-06	0.4338027238845825	0
897	47.77857072431652	-4.5553229028882924e-06	0.4327957332134247	0
898	47.82874572507717	-4.5160745685279835e-06	0.43182000517845154	0
899	47.8789657258385	-4.4776757022191305e-06	0.4307970702648163	0
900	47.929140726599144	-4.440320481080562e-06	0.42979782819747925	0
901	47.97931572735979	-4.402770628075814e-06	0.42878398299217224	0
902	48.02953572812112	-4.365412223705789e-06	0.42777344584465027	0
903	48.079710728881764	-4.329800503910519e-06	0.4267798662185669	0
904	48.12988572964241	-4.293004622013541e-06	0.42580074071884155	0
905	48.180060730403056	-4.257953605701914e-06	0.42478838562965393	0
906	48.230280731164385	-4.22044149672729e-06	0.42378202080726624	0
907	48.28045573192503	-4.186179921816802e-06	0.42278364300727844	0
908	48.33063073268568	-4.1504490582155995e-06	0.42177650332450867	0
909	48.38080573344632	-4.117236130696256e-06	0.4207831025123596	0
910	48.43102573420765	-4.08371442972566e-06	0.4197893738746643	0
911	48.4812007349683	-4.051132236781996e-06	0.41878175735473633	0
912	48.53137573572894	-4.017299943370745e-06	0.4177721440792084	0
913	48.58159573649027	-3.98460997530492e-06	0.4167594909667969	0
914	48.63177073725092	-3.952444330934668e-06	0.41577011346817017	0
915	48.681945738011564	-3.9198989725264255e-06	0.4147721529006958	0
916	48.73212073877221	-3.88850094168447e-06	0.41376835107803345	0
917	48.78234073953354	-3.856522198475432e-06	0.41275912523269653	0
918	48.832515740294184	-3.826625743386103e-06	0.4117623269557953	0
919	48.88269074105483	-3.7951238027744694e-06	0.4107418954372406	0
920	48.93291074181616	-3.7651293496310245e-06	0.4097553789615631	0
921	48.983085742576804	-3.735016662176349e-06	0.40874454379081726	0
922	49.03326074333745	-3.705266180986655e-06	0.40774673223495483	0
923	49.0834357440981	-3.675423613458406e-06	0.40673112869262695	0
924	49.133655744859425	-3.6477647427091142e-06	0.40573522448539734	0
925	49.18383074562007	-3.618199571064906e-06	0.4047377109527588	0
926	49.23400574638072	-3.589363359424169e-06	0.4037395119667053	0
927	49.28418074714136	-3.5623336316348286e-06	0.40272894501686096	0
928	49.33440074790269	-3.5337486679054564e-06	0.4017205238342285	0
929	49.38457574866334	-3.5074260722467443e-06	0.4007088243961334	0
930	49.43475074942398	-3.4787776712619234e-06	0.39971309900283813	0
931	49.48497075018531	-3.4527695333963493e-06	0.398705393075943	0
932	49.53514575094596	-3.4249569580424577e-06	0.3977030813694	0
933	49.585320751706604	-3.40008068633324e-06	0.3966878652572632	0
934	49.63549575246725	-3.3734131648088805e-06	0.39569559693336487	0
935	49.68571575322858	-3.3480657748441445e-06	0.39468809962272644	0
936	49.735890753989224	-3.3213168535439763e-06	0.39370256662368774	0
937	49.78606575474987	-3.2967463994282298e-06	0.3926950693130493	0
938	49.8362857555112	-3.2712778192944825e-06	0.39168843626976013	0
939	49.886460756271845	-3.2474545150762424e-06	0.39067232608795166	0
940	49.93663575703249	-3.2217669740930432e-06	0.3896692991256714	0
941	49.98681075779314	-3.19889886668534e-06	0.38867685198783875	0
942	50.037030758554465	-3.1743734325573314e-06	0.38766607642173767	0
943	50.08720575931511	-3.149737494823057e-06	0.3866557478904724	0
944	50.13738076007576	-3.1274655611923663e-06	0.38565686345100403	0
945	50.187600760837086	-3.10394943880965e-06	0.38463836908340454	0
946	50.23777576159773	-3.0814567253401037e-06	0.3836221694946289	0
947	50.28795076235838	-3.057195954170311e-06	0.3826157748699188	0
948	50.338125763119024	-3.0346104722411837e-06	0.38161465525627136	0
949	50.38834576388035	-3.012315573869273e-06	0.3806104063987732	0
950	50.438520764641	-2.99008866022632e-06	0.3796083927154541	0
951	50.488695765401644	-2.9685120352951344e-06	0.37858837842941284	0
952	50.53887076616229	-2.946029098893632e-06	0.37761154770851135	0
953	50.58909076692362	-2.9247412385302596e-06	0.37659937143325806	0
954	50.639265767684265	-2.9034320050413953e-06	0.3755931854248047	0
955	50.68944076844491	-2.882112994484487e-06	0.37459471821784973	0
956	50.73966076920624	-2.86089721157623e-06	0.37357866764068604	0
957	50.789835769966885	-2.840745537469047e-06	0.3725888431072235	0
958	50.84001077072753	-2.819788278429769e-06	0.37159019708633423	0
959	50.89018577148818	-2.799372396111721e-06	0.3705722391605377	0
960	50.940405772249505	-2.7812482130684657e-06	0.36957380175590515	0
961	50.99058077301015	-2.7596677227847977e-06	0.3685585856437683	0
962	51.0407557737708	-2.7399112241255352e-06	0.3675626814365387	0
963	51.090975774532126	-2.720188604143914e-06	0.3665577471256256	0
964	51.14115077529277	-2.7014386887458386e-06	0.36555203795433044	0
965	51.19132577605342	-2.6821921892405953e-06	0.36453667283058167	0
966	51.241500776814064	-2.663526856849785e-06	0.36352968215942383	0
967	51.29172077757539	-2.643798779899953e-06	0.3625074625015259	0
968	51.34189577833604	-2.626505875014118e-06	0.3615338206291199	0
969	51.392070779096684	-2.6068535134982085e-06	0.36050066351890564	0
970	51.44229077985801	-2.58988711721031e-06	0.35951900482177734	0
971	51.49246578061866	-2.5712570277391933e-06	0.3584899604320526	0
972	51.542640781379305	-2.5533754524076357e-06	0.35750558972358704	0
973	51.59281578213995	-2.533717861297191e-06	0.3565031588077545	0
974	51.64303578290128	-2.5176225335599156e-06	0.35551580786705017	0
975	51.693210783661925	-2.4996975298563484e-06	0.3544953465461731	0
976	51.74338578442257	-2.4826977096381597e-06	0.35351139307022095	0
977	51.79356078518322	-2.465503030180116e-06	0.3524690568447113	0
978	51.843780785944546	-2.4489827410434373e-06	0.3514814078807831	0
979	51.89395578670519	-2.4312853383889887e-06	0.35048907995224	0
980	51.94413078746584	-2.414974915154744e-06	0.3494638502597809	0
981	51.994350788227166	-2.398580818407936e-06	0.34847888350486755	0
982	52.04452578898781	-2.381347940172418e-06	0.347455233335495	0
983	52.09470078974846	-2.3666125343879685e-06	0.3464680016040802	0
984	52.144875790509104	-2.349439910176443e-06	0.34545937180519104	0
985	52.19509579127043	-2.3335462628892856e-06	0.3444596827030182	0
986	52.24527079203108	-2.3181376036518486e-06	0.3434569239616394	0
987	52.295445792791725	-2.3026016151561635e-06	0.34244048595428467	0
988	52.34566579355305	-2.2876556613482535e-06	0.34144946932792664	0
989	52.3958407943137	-2.271347511850763e-06	0.3404425382614136	0
990	52.446015795074345	-2.256056859550881e-06	0.3394358456134796	0
991	52.49619079583499	-2.2414517388824606e-06	0.3384336531162262	0
992	52.54641079659632	-2.2266056021180702e-06	0.3374451696872711	0
993	52.596585797356965	-2.2116873878985643e-06	0.33642876148223877	0
994	52.64676079811761	-2.1970481611788273e-06	0.33544081449508667	0
995	52.69693579887826	-2.1825126168550923e-06	0.3344380855560303	0
996	52.747155799639586	-2.1691760139219696e-06	0.33342090249061584	0
997	52.79733080040023	-2.1541193291341187e-06	0.332412451505661	0
998	52.84750580116088	-2.1405048755696043e-06	0.33141493797302246	0
999	52.897725801922206	-2.125128276020405e-06	0.33040112257003784	0
1000	52.94790080268285	-2.111637286361656e-06	0.32940369844436646	0
1001	52.9980758034435	-2.0983234207960777e-06	0.3283995985984802	0
1002	53.048250804204145	-2.084928382828366e-06	0.32740235328674316	0
1003	53.09847080496547	-2.0708648662548512e-06	0.32639598846435547	0
1004	53.14864580572612	-2.0581510398187675e-06	0.3253953754901886	0
1005	53.198820806486765	-2.0448508166737156e-06	0.3243999183177948	0
1006	53.24904080724809	-2.031644498856622e-06	0.3233814239501953	0
1007	53.29921580800874	-2.0188986127323005e-06	0.3223786950111389	0
1008	53.349390808769385	-2.005413307415438e-06	0.3213818669319153	0
1009	53.39956580953003	-1.992794295802014e-06	0.3203684091567993	0
1010	53.44978581029136	-1.9792541934293695e-06	0.3193626403808594	0
1011	53.499960811052006	-1.9677509044413455e-06	0.3183628022670746	0
1012	53.55013581181265	-1.954495928657707e-06	0.3173563778400421	0
1013	53.60035581257398	-1.942723883985309e-06	0.3163599669933319	0
1014	53.650530813334626	-1.930235157487914e-06	0.31534379720687866	0
1015	53.70070581409527	-1.9179340142727597e-06	0.31435516476631165	0
1016	53.75088081485592	-1.9068681922362885e-06	0.31335094571113586	0
1017	53.80110081561725	-1.8942156430057366e-06	0.3123443126678467	0
1018	53.85127581637789	-1.8832914747690666e-06	0.31133121252059937	0
1019	53.90145081713854	-1.8707779645410483e-06	0.3103235363960266	0
1020	53.951625817899185	-1.8597038433654234e-06	0.3093191683292389	0
1021	54.00184581866051	-1.847068688221043e-06	0.30833372473716736	0
1022	54.05202081942116	-1.8361888578510843e-06	0.3073263168334961	0
1023	54.102195820181805	-1.8253216467201128e-06	0.3063191771507263	0
1024	54.15241582094313	-1.8142983435609494e-06	0.30530598759651184	0
1025	54.20259082170378	-1.8032854995908565e-06	0.3042968511581421	0
1026	54.252765822464426	-1.7915068610818707e-06	0.3033023476600647	0
1027	54.30294082322507	-1.7804765093387687e-06	0.3022919297218323	0
1028	54.3531608239864	-1.7706105381876114e-06	0.30128857493400574	0
1029	54.403335824747046	-1.7592902850083192e-06	0.3002842962741852	0
1030	54.45351082550769	-1.7488233652329654e-06	0.29927894473075867	0
1031	54.50373082626902	-1.7391195115123992e-06	0.29824429750442505	0
1032	54.553905827029666	-1.7275741583944182e-06	0.2972390651702881	0
1033	54.60408082779031	-1.7186068816954503e-06	0.2962377071380615	0
1034	54.65425582855096	-1.7072255786843016e-06	0.2952237129211426	0
1035	54.70447582931229	-1.6974800018942915e-06	0.2942286431789398	0
1036	54.75465083007293	-1.6869564660737524e-06	0.29320988059043884	0
1037	54.80482583083358	-1.6774530422480893e-06	0.2922013998031616	0
1038	54.855000831594225	-1.6671875755491783e-06	0.29121607542037964	0
1039	54.90522083235555	-1.657218263062532e-06	0.29019972681999207	0
1040	54.9553958331162	-1.6485771539009875e-06	0.2891993820667267	0
1041	55.005570833876845	-1.6386817378588603e-06	0.28819185495376587	0
1042	55.055790834638174	-1.629045300433063e-06	0.2871977388858795	0
1043	55.10596583539882	-1.6199314814002719e-06	0.28619828820228577	0
1044	55.156140836159466	-1.6100319726319867e-06	0.2851909101009369	0
1045	55.20631583692011	-1.6014045058909687e-06	0.2841850221157074	0
1046	55.25653583768144	-1.5906787211861229e-06	0.28318220376968384	0
1047	55.306710838442086	-1.5821731267351424e-06	0.28217872977256775	0
1048	55.35688583920273	-1.573132976773195e-06	0.28118258714675903	0
1049	55.40710583996406	-1.5641162462998182e-06	0.2801685929298401	0
1050	55.45728084072471	-1.5549680938420352e-06	0.27917054295539856	0
1051	55.50745584148535	-1.545937607261294e-06	0.2781771421432495	0
1052	55.557630842246	-1.5387727216875646e-06	0.27716341614723206	0
1053	55.60785084300733	-1.5293056776499725e-06	0.27615663409233093	0
1054	55.65802584376797	-1.52083111970569e-06	0.2751637101173401	0
1055	55.70820084452862	-1.5123928278626408e-06	0.27415385842323303	0
1056	55.75842084528995	-1.5031591829028912e-06	0.2731393277645111	0
1057	55.80859584605059	-1.4960372709538206e-06	0.2721458971500397	0
1058	55.85877084681124	-1.487139684286376e-06	0.271145224571228	0
1059	55.908945847571886	-1.478841340940562e-06	0.27013635635375977	0
1060	55.959165848333214	-1.4702958424095414e-06	0.26914530992507935	0
1061	56.00934084909386	-1.462417117181758e-06	0.26812633872032166	0
1062	56.059515849854506	-1.4549548268405488e-06	0.2671263813972473	0
1063	56.10969085061515	-1.4455818018177524e-06	0.266135573387146	0
1064	56.15991085137648	-1.4386638440555544e-06	0.26513907313346863	0
1065	56.21008585213713	-1.4320414720714325e-06	0.26412227749824524	0
1066	56.26026085289777	-1.423818503099028e-06	0.26311981678009033	0
1067	56.3104808536591	-1.4161228136799764e-06	0.2621210813522339	0
1068	56.36065585441975	-1.4079864740779158e-06	0.2611094117164612	0
1069	56.41083085518039	-1.4009435744810617e-06	0.260092556476593	0
1070	56.46100585594104	-1.3936527238911367e-06	0.25911107659339905	0
1071	56.51122585670237	-1.3870987913833233e-06	0.25809571146965027	0
1072	56.56140085746301	-1.3798835425404832e-06	0.2570880651473999	0
1073	56.61157585822366	-1.3709258155358839e-06	0.25608861446380615	0
1074	56.66179585898499	-1.3648847243530327e-06	0.2551107108592987	0
1075	56.711970859745634	-1.3570813734986586e-06	0.2540924847126007	0
1076	56.76214586050628	-1.3514872989617288e-06	0.25309672951698303	0
1077	56.812320861266926	-1.3434356560537708e-06	0.2520887851715088	0
1078	56.862540862028254	-1.3372222156249336e-06	0.25108614563941956	0
1079	56.9127158627889	-1.3286700095704873e-06	0.25006136298179626	0
1080	56.962890863549546	-1.323041828982241e-06	0.24908825755119324	0
1081	57.013110864310875	-1.3158934279999812e-06	0.24808236956596375	0
1082	57.06328586507152	-1.3099937632432557e-06	0.2470836043357849	0
1083	57.11346086583217	-1.302287500948296e-06	0.24607224762439728	0
1084	57.16363586659281	-1.2972294598512235e-06	0.24506840109825134	0
1085	57.21385586735414	-1.2895417285108124e-06	0.2440647929906845	0
1086	57.26403086811479	-1.284144332203141e-06	0.24306775629520416	0
1087	57.31420586887543	-1.277534693144844e-06	0.24205376207828522	0
1088	57.36438086963608	-1.271602059205179e-06	0.24105364084243774	0
1089	57.41460087039741	-1.264684101442981e-06	0.24004724621772766	0
1090	57.464775871158054	-1.2593724250109517e-06	0.23904940485954285	0
1091	57.5149508719187	-1.2524227486210293e-06	0.23803475499153137	0
1092	57.56517087268003	-1.2464996643757331e-06	0.23703952133655548	0
1093	57.615345873440674	-1.2400943205648218e-06	0.23603476583957672	0
1094	57.66552087420132	-1.2347771871645818e-06	0.23502063751220703	0
1095	57.715695874961966	-1.2280441978873569e-06	0.23402352631092072	0
1096	57.765915875723294	-1.2229077128722565e-06	0.2330123484134674	0
1097	57.81609087648394	-1.2167149634478847e-06	0.2320094257593155	0
1098	57.86626587724459	-1.2116623793190229e-06	0.23100492358207703	0
1099	57.916485878005915	-1.2055031675117789e-06	0.23000051081180573	0
1100	57.96666087876656	-1.199776761495741e-06	0.22900165617465973	0
1101	58.01683587952721	-1.1949408644795767e-06	0.2279854714870453	0
1102	58.06701088028785	-1.1899581977559137e-06	0.22699233889579773	0
1103	58.11723088104918	-1.1843741276607034e-06	0.22598664462566376	0
1104	58.16740588180983	-1.1795241334766615e-06	0.2249833196401596	0
1105	58.21758088257047	-1.1736765372916125e-06	0.22397194802761078	0
1106	58.26775588333112	-1.1673505468934309e-06	0.2229844331741333	0
1107	58.31797588409245	-1.1626718787738355e-06	0.22198179364204407	0
1108	58.368150884853094	-1.1566944522201084e-06	0.22096730768680573	0
1109	58.41832588561374	-1.153815901488997e-06	0.2199689745903015	0
1110	58.46854588637507	-1.1469611536085722e-06	0.21896544098854065	0
1111	58.518720887135714	-1.1420097507652827e-06	0.21795101463794708	0
1112	58.56889588789636	-1.136056653194828e-06	0.2169533520936966	0
1113	58.619070888657006	-1.131958129008126e-06	0.21595214307308197	0
1114	58.669290889418335	-1.126341203416814e-06	0.21494609117507935	0
1115	58.71946589017898	-1.1226316019019578e-06	0.2139413207769394	0
1116	58.76964089093963	-1.1176188081662985e-06	0.2129075974225998	0
1117	58.819860891700955	-1.1127733614557656e-06	0.21190153062343597	0
1118	58.8700358924616	-1.1076302826040774e-06	0.21089458465576172	0
1119	58.92021089322225	-1.103452291317808e-06	0.2098974883556366	0
1120	58.97038589398289	-1.097234644475975e-06	0.2088918685913086	0
1121	59.02060589474422	-1.0939882031379966e-06	0.20790258049964905	0
1122	59.07078089550487	-1.0889401664826437e-06	0.20687830448150635	0
1123	59.120955896265514	-1.0857299912458984e-06	0.20587435364723206	0
1124	59.17117589702684	-1.0806473937918781e-06	0.204880490899086	0
1125	59.22135089778749	-1.0756756410046364e-06	0.20387382805347443	0
1126	59.271525898548134	-1.0717045597630204e-06	0.20286588370800018	0
1127	59.32170089930878	-1.0679294746296364e-06	0.2018599957227707	0
1128	59.371875900069426	-1.0631580380504602e-06	0.20086094737052917	0
1129	59.42205090083007	-1.0475686167410458e-06	0.20053118467330933	0
1130	59.47222590159072	-1.0301753263775026e-06	0.20153310894966125	0
1131	59.522400902351364	-1.0172218480875017e-06	0.20253610610961914	0
1132	59.57262090311269	-1.004425939754583e-06	0.20353244245052338	0
1133	59.62279590387334	-9.948472552423482e-07	0.20454131066799164	0
1134	59.672970904633985	-9.831123861658853e-07	0.20554114878177643	0
1135	59.72319090539531	-8.995520488497277e-07	0.20650580525398254	0
1136	59.92393590843858	-6.085593895477359e-07	0.21102215349674225	0
