	t	I	Ewe	Cycle
0	0.11718000177643262	1.8612577150634024e-06	0.978309690952301	0
1	0.21757500329840695	1.1362682243998279e-06	0.9766220450401306	0
2	0.3179250048196991	3.573721585325984e-07	0.9745915532112122	0
3	0.41832000634167343	3.304275297821846e-09	0.9725761413574219	0
4	0.5186700078629656	-3.292700512247393e-07	0.970553457736969	0
5	0.6190650093849399	-5.851912305843143e-07	0.9685989022254944	0
6	0.719415010906232	-7.693610655223893e-07	0.9666103720664978	0
7	0.8198100124282064	-9.277436561205832e-07	0.9645980596542358	0
8	1.0205550154714729	-9.623711321182782e-07	0.9607751965522766	0
9	1.120905016992765	-1.0770496601253399e-06	0.9586306810379028	0
10	1.2213000185147393	-1.1877284578076797e-06	0.9566229581832886	0
11	1.3216950200367137	-1.2853662383349729e-06	0.9546166658401489	0
12	1.4220450215580058	-1.3758028671873035e-06	0.9526135921478271	0
13	1.5224400230799802	-1.4589912780138548e-06	0.9506022334098816	0
14	1.6227900246012723	-1.5557117194475722e-06	0.9485952854156494	0
15	1.7231850261232466	-1.6458087657156284e-06	0.94659423828125	0
16	1.8235350276445388	-1.7355464478896465e-06	0.9445808529853821	0
17	1.9239300291665131	-1.819320800677815e-06	0.9425874948501587	0
18	2.0242800306878053	-1.8960927263833582e-06	0.9405943155288696	0
19	2.1246750322097796	-1.9884844277839875e-06	0.9385949969291687	0
20	2.2250250337310717	-2.07086941372836e-06	0.936591386795044	0
21	2.325420035253046	-2.1441856006276794e-06	0.9345869421958923	0
22	2.4258150367750204	-2.2304070625978056e-06	0.9325851798057556	0
23	2.5261650382963126	-2.306188207512605e-06	0.9305728077888489	0
24	2.626560039818287	-2.3728696305624908e-06	0.9285703301429749	0
25	2.726910041339579	-2.433660711176344e-06	0.9265672564506531	0
26	2.8273050428615534	-2.495159378668177e-06	0.9245702624320984	0
27	2.9276550443828455	-2.560752818681067e-06	0.9225670099258423	0
28	3.02805004590482	-2.611490117487847e-06	0.920544445514679	0
29	3.128400047426112	-2.6598484055284644e-06	0.918541431427002	0
30	3.2287950489480863	-2.7045118713431293e-06	0.9165270924568176	0
31	3.3291450504693785	-2.7492287699715234e-06	0.9145212769508362	0
32	3.429540051991353	-2.780371687549632e-06	0.9125299453735352	0
33	3.529935053513327	-2.8118197406001855e-06	0.9105170965194702	0
34	3.6302850550346193	-2.8480978926381795e-06	0.9085136651992798	0
35	3.7306800565565936	-2.8729675705108093e-06	0.906501054763794	0
36	3.8310300580778858	-2.908011765612173e-06	0.9044997096061707	0
37	3.93142505959986	-2.9276257009769324e-06	0.9024931788444519	0
38	4.031775061121152	-2.9605239433294628e-06	0.9004809260368347	0
39	4.132170062643127	-2.9796963190165116e-06	0.8984471559524536	0
40	4.232520064164419	-2.9982686555740656e-06	0.896429181098938	0
41	4.332915065686393	-3.011290118593024e-06	0.8944253325462341	0
42	4.433265067207685	-3.0294440875877626e-06	0.8924173712730408	0
43	4.5336600687296595	-3.0381729629880283e-06	0.8904106616973877	0
44	4.634010070250952	-3.047369773412356e-06	0.8884025812149048	0
45	4.734405071772926	-3.05647995446634e-06	0.8863925337791443	0
46	4.8348000732949	-3.0623825750808464e-06	0.8843970894813538	0
47	4.9351500748161925	-3.069039848924149e-06	0.8823847770690918	0
48	5.035545076338167	-3.0736473490833305e-06	0.8803791999816895	0
49	5.135895077859459	-3.0775076993450057e-06	0.8783626556396484	0
50	5.236290079381433	-3.0809364943706896e-06	0.8763489723205566	0
51	5.3366400809027255	-3.082250941588427e-06	0.8743563890457153	0
52	5.4370350824247	-3.084194077018765e-06	0.872337281703949	0
53	5.537385083945992	-3.0859355319989845e-06	0.8703402280807495	0
54	5.637780085467966	-3.0865035114402417e-06	0.868324875831604	0
55	5.738130086989258	-3.087187906203326e-06	0.8663082718849182	0
56	5.838525088511233	-3.0877956760377856e-06	0.8643055558204651	0
57	5.938920090033207	-3.086973492827383e-06	0.862304151058197	0
58	6.039270091554499	-3.0887517823430244e-06	0.8602943420410156	0
59	6.139665093076474	-3.089201527473051e-06	0.858284056186676	0
60	6.240015094597766	-3.0895407689968124e-06	0.85627281665802	0
61	6.34041009611974	-3.089452320637065e-06	0.8542904853820801	0
62	6.440760097641032	-3.0907262953405734e-06	0.8522844910621643	0
63	6.5411550991630065	-3.0930614229873754e-06	0.8502794504165649	0
64	6.641505100684299	-3.0929695640224963e-06	0.8482734560966492	0
65	6.741900102206273	-3.097219405390206e-06	0.8462774157524109	0
66	6.842295103728247	-3.099710511378362e-06	0.8442667722702026	0
67	6.9426451052495395	-3.1014674277685117e-06	0.8422565460205078	0
68	7.043040106771514	-3.105712494289037e-06	0.8402402400970459	0
69	7.143390108292806	-3.1086774470168166e-06	0.8382354378700256	0
70	7.24378510981478	-3.1137944915826665e-06	0.8362303376197815	0
71	7.344135111336072	-3.1169272460829234e-06	0.8342100977897644	0
72	7.444530112858047	-3.1226209102896973e-06	0.8322111964225769	0
73	7.544880114379339	-3.1264971767086536e-06	0.8302054405212402	0
74	7.645275115901313	-3.133305199298775e-06	0.8281862735748291	0
75	7.745625117422605	-3.138238753308542e-06	0.8261908292770386	0
76	7.84602011894458	-3.1446406865143217e-06	0.8241801261901855	0
77	7.946415120466554	-3.1495299026573775e-06	0.8221710920333862	0
78	8.046765121987846	-3.1565953122481005e-06	0.8201631307601929	0
79	8.14716012350982	-3.162731900374638e-06	0.818155825138092	0
80	8.247510125031113	-3.1686342936154688e-06	0.816149890422821	0
81	8.347905126553087	-3.175700385327218e-06	0.8141351342201233	0
82	8.44825512807438	-3.182704176651896e-06	0.8120900392532349	0
83	8.548650129596354	-3.190481038473081e-06	0.8100886344909668	0
84	8.649000131117646	-3.196375473635271e-06	0.8080752491950989	0
85	8.74939513263962	-3.2033447041612817e-06	0.8060857653617859	0
86	8.849745134160912	-3.2096097584144445e-06	0.804081916809082	0
87	8.950140135682886	-3.215441665815888e-06	0.8020614385604858	0
88	8.96683513593598	-3.2195787298405776e-06	0.8009029030799866	0
89	9.067185137457273	-3.223162138965563e-06	0.7997274994850159	0
90	9.167580138979247	-3.229411959182471e-06	0.7977156043052673	0
91	9.267930140500539	-3.236943712181528e-06	0.7957087159156799	0
92	9.368325142022513	-3.241748345317319e-06	0.7937036752700806	0
93	9.468675143543805	-3.2487437238160055e-06	0.7916896343231201	0
94	9.56907014506578	-3.254281637055101e-06	0.789682924747467	0
95	9.669465146587754	-3.260352514189435e-06	0.7876737117767334	0
96	9.769815148109046	-3.2672814995748922e-06	0.7856698632240295	0
97	9.87021014963102	-3.2735642889747396e-06	0.7836552262306213	0
98	9.970560151152313	-3.2785551411507186e-06	0.7816417217254639	0
99	10.070955152674287	-3.2844930046849186e-06	0.779633104801178	0
100	10.17130515419558	-3.290081849627313e-06	0.7776364088058472	0
101	10.271700155717554	-3.2971211112453602e-06	0.7756246328353882	0
102	10.372050157238846	-3.302202685517841e-06	0.7736112475395203	0
103	10.47244515876082	-3.3088851978391176e-06	0.7715979814529419	0
104	10.572795160282112	-3.314034756840556e-06	0.7695955634117126	0
105	10.673190161804087	-3.319826873848797e-06	0.7676101326942444	0
106	10.77358516332606	-3.324733143017511e-06	0.7656044960021973	0
107	10.873935164847353	-3.330539129819954e-06	0.7635910511016846	0
108	10.974330166369327	-3.335393557790667e-06	0.7615946531295776	0
109	11.07468016789062	-3.3415296911698533e-06	0.7595726847648621	0
110	11.175075169412594	-3.347728579683462e-06	0.7575777173042297	0
111	11.275425170933886	-3.352098701725481e-06	0.7555727958679199	0
112	11.37582017245586	-3.3591525152587565e-06	0.7535561323165894	0
113	11.476170173977152	-3.364036501807277e-06	0.7515583038330078	0
114	11.576565175499127	-3.370608965269639e-06	0.7495402097702026	0
115	11.676915177020419	-3.374491143404157e-06	0.747533917427063	0
116	11.777310178542393	-3.381504711796879e-06	0.7455381155014038	0
117	11.877705180064368	-3.387097876839107e-06	0.743520975112915	0
118	11.97805518158566	-3.3919050110853277e-06	0.7415153384208679	0
119	12.078450183107634	-3.3967316994676366e-06	0.7395018339157104	0
120	12.178800184628926	-3.4024576507363236e-06	0.7374960780143738	0
121	12.2791951861509	-3.4077336295013083e-06	0.7354949712753296	0
122	12.379545187672193	-3.413282456676825e-06	0.733485221862793	0
123	12.479940189194167	-3.417752168388688e-06	0.7314765453338623	0
124	12.58029019071546	-3.42414000442659e-06	0.7294607162475586	0
125	12.680685192237434	-3.428970785535057e-06	0.7274388670921326	0
126	12.781035193758726	-3.433766096350155e-06	0.7254239320755005	0
127	12.8814301952807	-3.438716021264554e-06	0.7234141230583191	0
128	12.981825196802674	-3.4433455766702536e-06	0.721397876739502	0
129	13.082175198323966	-3.448491042945534e-06	0.719397246837616	0
130	13.18257019984594	-3.452575583651196e-06	0.7174010872840881	0
131	13.282920201367233	-3.457602360867895e-06	0.7153910398483276	0
132	13.383315202889207	-3.4616607536008814e-06	0.7133883833885193	0
133	13.4836652044105	-3.4658928598219063e-06	0.7113727331161499	0
134	13.584060205932474	-3.470625642876257e-06	0.7093717455863953	0
135	13.684410207453766	-3.4761526421789313e-06	0.7073671817779541	0
136	13.78480520897574	-3.4794040857377695e-06	0.705350935459137	0
137	13.885155210497032	-3.4840502394217765e-06	0.7033440470695496	0
138	13.985550212019007	-3.488510856186622e-06	0.7013455629348755	0
139	14.085945213540981	-3.4918928122351645e-06	0.6993277072906494	0
140	14.186295215062273	-3.495934379316168e-06	0.6973222494125366	0
141	14.286690216584248	-3.499444346743985e-06	0.6953126192092896	0
142	14.38704021810554	-3.503958623696235e-06	0.6933147311210632	0
143	14.487435219627514	-3.507419705783832e-06	0.6913057565689087	0
144	14.587785221148806	-3.51176890944771e-06	0.6892991662025452	0
145	14.68818022267078	-3.5154309898643987e-06	0.6872893571853638	0
146	14.788530224192073	-3.518887069731136e-06	0.6852824091911316	0
147	14.888925225714047	-3.5230236790084746e-06	0.6832653284072876	0
148	14.98927522723534	-3.526707587298006e-06	0.6812569499015808	0
149	15.089670228757313	-3.5292380289320135e-06	0.6792582273483276	0
150	15.190065230279288	-3.5337543522473425e-06	0.6772493720054626	0
151	15.29041523180058	-3.5370533169043483e-06	0.675244927406311	0
152	15.390810233322554	-3.5416128412180115e-06	0.6732425689697266	0
153	15.491160234843846	-3.5450946143100737e-06	0.6712344884872437	0
154	15.59155523636582	-3.550613428160432e-06	0.6692293882369995	0
155	15.691905237887113	-3.5531390949472552e-06	0.6672283411026001	0
156	15.792300239409087	-3.557489662853186e-06	0.665220320224762	0
157	15.89265024093038	-3.5606883557193214e-06	0.6632067561149597	0
158	15.993045242452354	-3.5648190532810986e-06	0.6611931324005127	0
159	16.093395243973646	-3.5671178011398297e-06	0.6591964364051819	0
160	16.19379024549562	-3.5715304420591565e-06	0.6571886539459229	0
161	16.294140247016912	-3.5735340588871622e-06	0.6551856994628906	0
162	16.394535248538887	-3.577196139303851e-06	0.6531896591186523	0
163	16.49493025006086	-3.580384827728267e-06	0.6511783003807068	0
164	16.595280251582153	-3.5825416944135213e-06	0.6491690278053284	0
165	16.695675253104127	-3.5866216876456747e-06	0.647164523601532	0
166	16.79602525462542	-3.589991138142068e-06	0.6451553702354431	0
167	16.896420256147394	-3.5930549984186655e-06	0.6431347131729126	0
168	16.996770257668686	-3.5961704725195887e-06	0.64110267162323	0
169	17.09716525919066	-3.6007877497468144e-06	0.639085590839386	0
170	17.197515260711953	-3.6040378290636e-06	0.6370838284492493	0
171	17.297910262233927	-3.6076557989872526e-06	0.6350769400596619	0
172	17.39826026375522	-3.6111978261033073e-06	0.6330701112747192	0
173	17.498655265277193	-3.614417209973908e-06	0.6310599446296692	0
174	17.599050266799168	-3.616866706579458e-06	0.6290515661239624	0
175	17.69940026832046	-3.6204785374138737e-06	0.6270608305931091	0
176	17.799795269842434	-3.6233491300663445e-06	0.6250420212745667	0
177	17.900145271363726	-3.627190153565607e-06	0.6230286955833435	0
178	18.0005402728857	-3.6310500490799313e-06	0.6210269331932068	0
179	18.100890274406993	-3.6332462514110375e-06	0.6190187931060791	0
180	18.201285275928967	-3.6377425658429274e-06	0.6170040369033813	0
181	18.30163527745026	-3.6409173844731413e-06	0.6149984002113342	0
182	18.402030278972234	-3.6444321267481428e-06	0.6129848957061768	0
183	18.502380280493526	-3.6475053093454335e-06	0.6109817624092102	0
184	18.6027752820155	-3.6522155824059155e-06	0.6089731454849243	0
185	18.703170283537474	-3.655746240838198e-06	0.6069716215133667	0
186	18.803520285058767	-3.658369678305462e-06	0.6049579381942749	0
187	18.90391528658074	-3.663870984382811e-06	0.6029366850852966	0
188	19.004265288102033	-3.6665455809270497e-06	0.6009401082992554	0
189	19.104660289624007	-3.670337264338741e-06	0.5989290475845337	0
190	19.2050102911453	-3.6735514186148066e-06	0.5969440340995789	0
191	19.305405292667274	-3.6779106267204043e-06	0.594933807849884	0
192	19.405755294188566	-3.681011094158748e-06	0.5929303169250488	0
193	19.50615029571054	-3.6859487408946734e-06	0.5909280776977539	0
194	19.606500297231833	-3.690371613629395e-06	0.5889182686805725	0
195	19.706895298753807	-3.69511167264136e-06	0.5869042873382568	0
196	19.80729030027578	-3.698367436300032e-06	0.5849094390869141	0
197	19.907640301797073	-3.705460130731808e-06	0.5828968286514282	0
198	20.008035303319048	-3.7112488371349173e-06	0.5808915495872498	0
199	20.10838530484034	-3.716688524946221e-06	0.578882098197937	0
200	20.208780306362314	-3.7222669106995454e-06	0.5768692493438721	0
201	20.309130307883606	-3.728601086550043e-06	0.5748578906059265	0
202	20.40952530940558	-3.73429111277801e-06	0.572851836681366	0
203	20.509875310926873	-3.7401887311716564e-06	0.5708498954772949	0
204	20.610270312448847	-3.746092943401891e-06	0.5688483715057373	0
205	20.71062031397014	-3.7543909456871916e-06	0.5668394565582275	0
206	20.811015315492114	-3.7593345041386783e-06	0.5648337006568909	0
207	20.911410317014088	-3.7651975617336575e-06	0.5628226399421692	0
208	21.01176031853538	-3.7722184060839936e-06	0.5608145594596863	0
209	21.112155320057354	-3.7781412629556144e-06	0.5588011741638184	0
210	21.212505321578647	-3.784778755289153e-06	0.5567906498908997	0
211	21.31290032310062	-3.7922941373835783e-06	0.554745614528656	0
212	21.413250324621913	-3.7975948998791864e-06	0.5527459979057312	0
213	21.513645326143887	-3.8050845887482865e-06	0.550740659236908	0
214	21.61399532766518	-3.810598400377785e-06	0.5487343668937683	0
215	21.714390329187154	-3.818563527602237e-06	0.5467240810394287	0
216	21.814740330708446	-3.823856332019204e-06	0.5447046756744385	0
217	21.91513533223042	-3.831507001450518e-06	0.5426967740058899	0
218	22.015530333752395	-3.837523763650097e-06	0.5406929850578308	0
219	22.115880335273687	-3.844448201562045e-06	0.5386879444122314	0
220	22.21627533679566	-3.850918801617809e-06	0.5366830229759216	0
221	22.316625338316953	-3.8581888475164305e-06	0.5346581935882568	0
222	22.417020339838928	-3.863665824610507e-06	0.5326635241508484	0
223	22.51737034136022	-3.870908130920725e-06	0.5306609272956848	0
224	22.617765342882194	-3.878093593812082e-06	0.5286436676979065	0
225	22.718115344403486	-3.884826583089307e-06	0.526645839214325	0
226	22.81851034592546	-3.8913772186788265e-06	0.5246329307556152	0
227	22.918860347446753	-3.897988335666014e-06	0.5226271748542786	0
228	23.019255348968727	-3.906078745785635e-06	0.5206233263015747	0
229	23.11960535049002	-3.912418833351694e-06	0.5186068415641785	0
230	23.220000352011994	-3.920737071894109e-06	0.5166080594062805	0
231	23.320395353533968	-3.927907528122887e-06	0.514593243598938	0
232	23.42074535505526	-3.934523647330934e-06	0.5126049518585205	0
233	23.521140356577234	-3.941919658245752e-06	0.5106031894683838	0
234	23.621490358098526	-3.95020379073685e-06	0.5085935592651367	0
235	23.7218853596205	-3.957597527914913e-06	0.5065891146659851	0
236	23.822235361141793	-3.966098120145034e-06	0.5045701861381531	0
237	23.922630362663767	-3.974188530264655e-06	0.5025714039802551	0
238	24.02298036418506	-3.981843292422127e-06	0.5005688071250916	0
239	24.123375365707034	-3.990465302194934e-06	0.49855610728263855	0
240	24.223725367228326	-3.998973170382669e-06	0.49655836820602417	0
241	24.3241203687503	-4.007142251793994e-06	0.4945504069328308	0
242	24.424515370272275	-4.015581453131745e-06	0.4925484359264374	0
243	24.524865371793567	-4.024492682219716e-06	0.49052292108535767	0
244	24.62526037331554	-4.0329450712306425e-06	0.48851507902145386	0
245	24.725610374836833	-4.04233151130029e-06	0.4864983558654785	0
246	24.826005376358808	-4.050517873110948e-06	0.48450642824172974	0
247	24.9263553778801	-4.05998844144051e-06	0.48249486088752747	0
248	25.026750379402074	-4.069869646627922e-06	0.48047882318496704	0
249	25.127100380923366	-4.07776360589196e-06	0.47848403453826904	0
250	25.22749538244534	-4.087503384653246e-06	0.4764707386493683	0
251	25.327845383966633	-4.095929398317821e-06	0.47447142004966736	0
252	25.428240385488607	-4.10602433476015e-06	0.4724632203578949	0
253	25.52863538701058	-4.114580406167079e-06	0.47043484449386597	0
254	25.628985388531873	-4.125256964471191e-06	0.46840620040893555	0
255	25.729380390053848	-4.1328094084747136e-06	0.4664095342159271	0
256	25.82973039157514	-4.143686510360567e-06	0.4643953740596771	0
257	25.930125393097114	-4.152676410740241e-06	0.46239274740219116	0
258	26.030475394618406	-4.162387540418422e-06	0.46038129925727844	0
259	26.13087039614038	-4.170508418610552e-06	0.45838841795921326	0
260	26.231220397661673	-4.180309133516857e-06	0.45637810230255127	0
261	26.331615399183647	-4.190379968349589e-06	0.454367458820343	0
262	26.43196540070494	-4.199288014206104e-06	0.45237863063812256	0
263	26.532360402226914	-4.2094393393199425e-06	0.4503609538078308	0
264	26.632755403748888	-4.218186404614244e-06	0.44834280014038086	0
265	26.73310540527018	-4.228181751386728e-06	0.4463384449481964	0
266	26.833500406792155	-4.237106168147875e-06	0.44432851672172546	0
267	26.933850408313447	-4.2473975554457866e-06	0.4423202872276306	0
268	27.03424540983542	-4.256483862263849e-06	0.4403117001056671	0
269	27.134595411356713	-4.266201813152293e-06	0.4382959306240082	0
270	27.234990412878687	-4.276154413673794e-06	0.43629375100135803	0
271	27.33534041439998	-4.285539489501389e-06	0.4342851936817169	0
272	27.435735415921954	-4.29581041316851e-06	0.4322759509086609	0
273	27.536085417443246	-4.304391040932387e-06	0.4302721321582794	0
274	27.63648041896522	-4.314772468205774e-06	0.4282642900943756	0
275	27.736875420487195	-4.325019290263299e-06	0.4262612462043762	0
276	27.837225422008487	-4.333434389991453e-06	0.4242716431617737	0
277	27.93762042353046	-4.344700300862314e-06	0.4222613573074341	0
278	28.037970425051753	-4.354177235654788e-06	0.4202565848827362	0
279	28.138365426573728	-4.3645936784741934e-06	0.4182487726211548	0
280	28.23871542809502	-4.3752415876952e-06	0.41623827815055847	0
281	28.339110429616994	-4.3851564441865776e-06	0.4142462909221649	0
282	28.439460431138286	-4.3964114411210176e-06	0.41223064064979553	0
283	28.53985543266026	-4.407078904478112e-06	0.41021373867988586	0
284	28.640205434181553	-4.417490799824009e-06	0.4082105755805969	0
285	28.740600435703527	-4.4298162720224354e-06	0.40618929266929626	0
286	28.8409954372255	-4.439797976374393e-06	0.4041895270347595	0
287	28.941345438746794	-4.450954293133691e-06	0.40218183398246765	0
288	29.041740440268768	-4.4619905565923546e-06	0.4001672863960266	0
289	29.14209044179006	-4.4726289161189925e-06	0.39817240834236145	0
290	29.242485443312034	-4.484467808651971e-06	0.396161288022995	0
291	29.342835444833327	-4.4968369365960825e-06	0.3941567540168762	0
292	29.4432304463553	-4.5081719690642785e-06	0.39215272665023804	0
293	29.543580447876593	-4.520206402958138e-06	0.39012524485588074	0
294	29.643975449398567	-4.53259099231218e-06	0.3881252110004425	0
295	29.74432545091986	-4.543827799352584e-06	0.3861158788204193	0
296	29.844720452441834	-4.558155524136964e-06	0.38407984375953674	0
297	29.94511545396381	-4.569996690406697e-06	0.38206562399864197	0
298	30.0454654554851	-4.5828469410480466e-06	0.3800535798072815	0
299	30.145860457007075	-4.595282462105388e-06	0.3780556917190552	0
300	30.246210458528367	-4.608262770489091e-06	0.37605008482933044	0
301	30.34660546005034	-4.6211544031393714e-06	0.37404218316078186	0
302	30.446955461571633	-4.6345876398845576e-06	0.3720366954803467	0
303	30.547350463093608	-4.6469044718833175e-06	0.37002408504486084	0
304	30.6477004646149	-4.660671493184054e-06	0.368020236492157	0
305	30.748095466136874	-4.673735475080321e-06	0.3660179078578949	0
306	30.848445467658166	-4.6878185457899235e-06	0.3640066683292389	0
307	30.94884046918014	-4.702084879681934e-06	0.36198359727859497	0
308	31.049190470701433	-4.716719104180811e-06	0.35998600721359253	0
309	31.149585472223407	-4.72958436148474e-06	0.3579844832420349	0
310	31.24998047374538	-4.743797489936696e-06	0.3559933006763458	0
311	31.350330475266674	-4.757942861033371e-06	0.35398098826408386	0
312	31.450725476788648	-4.7746457312314305e-06	0.3519555628299713	0
313	31.55107547830994	-4.787204034073511e-06	0.3499639630317688	0
314	31.651470479831914	-4.803019237442641e-06	0.34794706106185913	0
315	31.751820481353207	-4.818351499125129e-06	0.3459458351135254	0
316	31.85221548287518	-4.833530965697719e-06	0.3439338803291321	0
317	31.952565484396473	-4.848371190746548e-06	0.3419145941734314	0
318	32.05296048591845	-4.862693003815366e-06	0.3399166166782379	0
319	32.15331048743974	-4.880434971710201e-06	0.33791157603263855	0
320	32.253705488961714	-4.895769052382093e-06	0.33590036630630493	0
321	32.35410049048369	-4.911637006443925e-06	0.3339000642299652	0
322	32.45445049200498	-4.92773187943385e-06	0.33188632130622864	0
323	32.554845493526955	-4.944133252138272e-06	0.32987532019615173	0
324	32.65519549504825	-4.961034846928669e-06	0.32786887884140015	0
325	32.75559049657022	-4.97704559165868e-06	0.32586053013801575	0
326	32.85594049809151	-4.993626589566702e-06	0.3238524794578552	0
327	32.95633549961349	-5.010180302633671e-06	0.32184818387031555	0
328	33.05668550113478	-5.026290637033526e-06	0.3198370039463043	0
329	33.157080502656754	-5.044610134063987e-06	0.31783634424209595	0
330	33.257430504178046	-5.061544925410999e-06	0.315839022397995	0
331	33.35782550570002	-5.078578851680504e-06	0.3138323724269867	0
332	33.458220507221995	-5.095369033369934e-06	0.3118256628513336	0
333	33.55857050874329	-5.113626230013324e-06	0.30981701612472534	0
334	33.65896551026526	-5.132569640409201e-06	0.3078162968158722	0
335	33.75931551178655	-5.149490789335687e-06	0.3058067560195923	0
336	33.85971051330853	-5.1675756367330905e-06	0.30379825830459595	0
337	33.96006051482982	-5.186871931073256e-06	0.3017905652523041	0
338	34.060455516351794	-5.204900844546501e-06	0.2997717559337616	0
339	34.16080551787309	-5.2263417273934465e-06	0.29773077368736267	0
340	34.26120051939506	-5.244438398221973e-06	0.2957344949245453	0
341	34.36155052091635	-5.264472747512627e-06	0.2937164306640625	0
342	34.46194552243833	-5.282887741486775e-06	0.2917051911354065	0
343	34.5623405239603	-5.301785222400213e-06	0.2896941602230072	0
344	34.662690525481594	-5.321397111401893e-06	0.28770285844802856	0
345	34.76308552700357	-5.34090941073373e-06	0.2856893837451935	0
346	34.86343552852486	-5.361031071515754e-06	0.2836807668209076	0
347	34.963830530046835	-5.381103619583882e-06	0.2816837430000305	0
348	35.06418053156813	-5.400853751780232e-06	0.27967551350593567	0
349	35.1645755330901	-5.422050890047103e-06	0.27765771746635437	0
350	35.26492553461139	-5.443052032205742e-06	0.2756539583206177	0
351	35.36532053613337	-5.463342404254945e-06	0.27363476157188416	0
352	35.46567053765466	-5.4856218412169255e-06	0.27162978053092957	0
353	35.566065539176634	-5.505509761860594e-06	0.2696146070957184	0
354	35.66646054069861	-5.527660050574923e-06	0.2676151990890503	0
355	35.7668105422199	-5.548458375415066e-06	0.26560184359550476	0
356	35.867205543741875	-5.570706434809836e-06	0.2636040449142456	0
357	35.96755554526317	-5.5926802815520205e-06	0.26159361004829407	0
358	36.06795054678514	-5.613991561403964e-06	0.25958752632141113	0
359	36.16830054830643	-5.637717549689114e-06	0.2575784921646118	0
360	36.26869554982841	-5.658559985022293e-06	0.255578875541687	0
361	36.3690455513497	-5.680682079400867e-06	0.25359272956848145	0
362	36.469440552871674	-5.702564521925524e-06	0.2515738904476166	0
363	36.569790554392966	-5.72726321479422e-06	0.24956917762756348	0
364	36.67018555591494	-5.750572654505959e-06	0.24756433069705963	0
365	36.770580557436915	-5.773946668341523e-06	0.24554847180843353	0
366	36.87093055895821	-5.7973520597442985e-06	0.2435535043478012	0
367	36.97132556048018	-5.821001195727149e-06	0.24153225123882294	0
368	37.071675562001474	-5.844403858645819e-06	0.2395355999469757	0
369	37.17207056352345	-5.868750122317579e-06	0.23752498626708984	0
370	37.27242056504474	-5.89267165196361e-06	0.23552103340625763	0
371	37.372815566566715	-5.919132036069641e-06	0.23349866271018982	0
372	37.47316556808801	-5.94217499383376e-06	0.23149578273296356	0
373	37.57356056960998	-5.967167453491129e-06	0.22948920726776123	0
374	37.67391057113127	-5.992573278490454e-06	0.22748614847660065	0
375	37.77430557265325	-6.0171946643095e-06	0.22547270357608795	0
376	37.87470057417522	-6.042906989023322e-06	0.22346355020999908	0
377	37.975050575696514	-6.06949424764025e-06	0.22146816551685333	0
378	38.07544557721849	-6.095659045968205e-06	0.21947313845157623	0
379	38.17579557873978	-6.11944915362983e-06	0.21747417747974396	0
380	38.276190580261755	-6.147410203993786e-06	0.21544723212718964	0
381	38.37654058178305	-6.1744244703731965e-06	0.21342018246650696	0
382	38.47693558330502	-6.200939424161334e-06	0.21138715744018555	0
383	38.57728558482631	-6.2261810853669886e-06	0.20938827097415924	0
384	38.67768058634829	-6.254841537156608e-06	0.20737242698669434	0
385	38.77803058786958	-6.279943590925541e-06	0.20537275075912476	0
386	38.878425589391554	-6.306954219326144e-06	0.203367218375206	0
387	38.978775590912846	-6.334344561764738e-06	0.20135892927646637	0
388	39.07912559243414	-6.257459972403012e-06	0.2010299265384674	0
389	39.17952059395611	-6.071969892218476e-06	0.20303280651569366	0
390	39.279870595477405	-5.913200311624678e-06	0.20504386723041534	0
391	39.38026559699938	-5.771801170340041e-06	0.2070424109697342	0
392	39.48061559852067	-5.640328254230553e-06	0.2090560495853424	0
393	39.581010600042646	-5.518853413377656e-06	0.21105878055095673	0
394	39.68136060156394	-5.404457624536008e-06	0.21307410299777985	0
395	39.78175560308591	-5.295239134284202e-06	0.21510756015777588	0
396	39.882105604607204	-5.194257028051652e-06	0.2171216458082199	0
397	39.98250060612918	-5.097681423649192e-06	0.21911606192588806	0
398	40.08289560765115	-5.005271304980852e-06	0.22112424671649933	0
399	40.183245609172445	-4.916465513815638e-06	0.22313418984413147	0
400	40.28364061069442	-4.833086677535903e-06	0.22513815760612488	0
401	40.38399061221571	-4.751602773467312e-06	0.2271476686000824	0
402	40.484385613737686	-4.674358478951035e-06	0.22915557026863098	0
403	40.58473561525898	-4.598097348207375e-06	0.23115551471710205	0
404	40.68513061678095	-4.527380497165723e-06	0.23316742479801178	0
405	40.785480618302245	-4.456859187484952e-06	0.23517975211143494	0
406	40.88587561982422	-4.390256435726769e-06	0.2371930330991745	0
407	40.98622562134551	-4.3258419282210525e-06	0.23920761048793793	0
408	41.086620622867486	-4.26253245677799e-06	0.24120701849460602	0
409	41.18701562438946	-4.202777745376807e-06	0.24322493374347687	0
410	41.28736562591075	-4.142971647524973e-06	0.24521654844284058	0
411	41.387760627432726	-4.086103217559867e-06	0.24723412096500397	0
412	41.48811062895402	-4.030408945254749e-06	0.2492334544658661	0
413	41.58850563047599	-3.977260803367244e-06	0.25123119354248047	0
414	41.688855631997285	-3.925171313312603e-06	0.25323715806007385	0
415	41.78925063351926	-3.876197297358885e-06	0.25523489713668823	0
416	41.88960063504055	-3.824847681244137e-06	0.25722458958625793	0
417	41.989995636562526	-3.7782833715027664e-06	0.25923770666122437	0
418	42.09034563808382	-3.729915988515131e-06	0.2612396478652954	0
419	42.19074063960579	-3.6864603316644207e-06	0.26324406266212463	0
420	42.29113564112777	-3.641250714281341e-06	0.26524657011032104	0
421	42.39148564264906	-3.5974985621578526e-06	0.267255574464798	0
422	42.49188064417103	-3.5558625768317143e-06	0.2692609131336212	0
423	42.592230645692325	-3.5135692542098695e-06	0.27127039432525635	0
424	42.6926256472143	-3.4752977171592647e-06	0.273271381855011	0
425	42.79297564873559	-3.4345000585744856e-06	0.2752842903137207	0
426	42.893370650257566	-3.3976293707382865e-06	0.2772895097732544	0
427	42.99372065177886	-3.359120455570519e-06	0.2793006896972656	0
428	43.09411565330083	-3.3216977044503437e-06	0.2813069522380829	0
429	43.194465654822125	-3.286085529907723e-06	0.28331252932548523	0
430	43.2948606563441	-3.252889428040362e-06	0.28532394766807556	0
431	43.39525565786607	-3.2173231829801807e-06	0.28733330965042114	0
432	43.495605659387365	-3.184057959515485e-06	0.2893346846103668	0
433	43.59600066090934	-3.1511472116108052e-06	0.2913486957550049	0
434	43.69635066243063	-3.1198242140817456e-06	0.2933582663536072	0
435	43.796745663952606	-3.087947789026657e-06	0.2953684329986572	0
436	43.8970956654739	-3.05695698443742e-06	0.29737553000450134	0
437	43.99749066699587	-3.0275839435489615e-06	0.2994080185890198	0
438	44.097840668517165	-2.9962736789457267e-06	0.3014106750488281	0
439	44.19823567003914	-2.9683828870474827e-06	0.30342215299606323	0
440	44.29858567156043	-2.9400109724520007e-06	0.30543264746665955	0
441	44.398980673082406	-2.9129403174010804e-06	0.307447224855423	0
442	44.49937567460438	-2.88510773316375e-06	0.3094513714313507	0
443	44.59972567612567	-2.857939307432389e-06	0.31146350502967834	0
444	44.70012067764765	-2.83168242276588e-06	0.31347015500068665	0
445	44.80047067916894	-2.8069403015251737e-06	0.3154754042625427	0
446	44.90086568069091	-2.7816427063953597e-06	0.3174791932106018	0
447	45.001215682212205	-2.755969262580038e-06	0.31948205828666687	0
448	45.10161068373418	-2.732588200160535e-06	0.3214961290359497	0
449	45.20196068525547	-2.7088185561296996e-06	0.3235049843788147	0
450	45.302355686777446	-2.685780373212765e-06	0.32551929354667664	0
451	45.40270568829874	-2.661838152562268e-06	0.3275255858898163	0
452	45.50310068982071	-2.640338152559707e-06	0.32953184843063354	0
453	45.60349569134269	-2.6176617211604025e-06	0.33153241872787476	0
454	45.70384569286398	-2.5965937311411835e-06	0.33354878425598145	0
455	45.80424069438595	-2.575879989308305e-06	0.33554819226264954	0
456	45.904590695907245	-2.5546009965182748e-06	0.33755388855934143	0
457	46.00498569742922	-2.534568920964375e-06	0.3395564556121826	0
458	46.10533569895051	-2.513504341550288e-06	0.34156015515327454	0
459	46.205730700472486	-2.4938758542703e-06	0.3435673415660858	0
460	46.30608070199378	-2.4744538222876145e-06	0.3455863893032074	0
461	46.40647570351575	-2.4556825337640475e-06	0.34758201241493225	0
462	46.506825705037045	-2.4370353912672726e-06	0.3495914936065674	0
463	46.60722070655902	-2.4180619675462367e-06	0.3515940308570862	0
464	46.70761570808099	-2.4011019377212506e-06	0.3536186218261719	0
465	46.807965709602286	-2.381318608968286e-06	0.35562634468078613	0
466	46.90836071112426	-2.3648844944546e-06	0.35762783885002136	0
467	47.00871071264555	-2.3480095023842296e-06	0.35963162779808044	0
468	47.10910571416753	-2.330422830709722e-06	0.3616413474082947	0
469	47.20945571568882	-2.314791117896675e-06	0.363644003868103	0
470	47.30985071721079	-2.298079834872624e-06	0.3656579256057739	0
471	47.410200718732085	-2.2828830879007e-06	0.3676576018333435	0
472	47.51059572025406	-2.26611086873163e-06	0.36967647075653076	0
473	47.61094572177535	-2.2514554984809365e-06	0.3716847896575928	0
474	47.711340723297326	-2.236051614090684e-06	0.3736860752105713	0
475	47.8117357248193	-2.220571104771807e-06	0.37570419907569885	0
476	47.91208572634059	-2.2065025859774323e-06	0.37770453095436096	0
477	48.01248072786257	-2.191247176597244e-06	0.379705011844635	0
478	48.11283072938386	-2.1781927443953464e-06	0.3817107677459717	0
479	48.21322573090583	-2.1637695226672804e-06	0.3837127685546875	0
480	48.313575732427125	-2.1498281057574786e-06	0.38575804233551025	0
481	48.4139707339491	-2.1362307052186225e-06	0.3877660632133484	0
482	48.51432073547039	-2.123686726918095e-06	0.38977423310279846	0
483	48.614715736992366	-2.11072347156005e-06	0.3917863667011261	0
484	48.71506573851366	-2.096815478580538e-06	0.39379367232322693	0
485	48.81546074003563	-2.084585730699473e-06	0.39579668641090393	0
486	48.91585574155761	-2.0724423848150764e-06	0.3978140652179718	0
487	49.0162057430789	-2.059713779090089e-06	0.39982473850250244	0
488	49.11660074460087	-2.0477809812291525e-06	0.40182653069496155	0
489	49.216950746122166	-2.0352033516246593e-06	0.40383780002593994	0
490	49.31734574764414	-2.024517698373529e-06	0.40583303570747375	0
491	49.41769574916543	-2.010971684285323e-06	0.4078499674797058	0
492	49.518090750687406	-2.00054864762933e-06	0.4098685383796692	0
493	49.6184407522087	-1.988892563531408e-06	0.41186919808387756	0
494	49.71883575373067	-1.9779454305535182e-06	0.41389256715774536	0
495	49.819185755251965	-1.965747514987015e-06	0.41588306427001953	0
496	49.91958075677394	-1.9553801848815056e-06	0.41789305210113525	0
497	50.01993075829523	-1.944740915860166e-06	0.4198945462703705	0
498	50.120325759817206	-1.9337726371304598e-06	0.4218932092189789	0
499	50.22072076133918	-1.9225426513003185e-06	0.42391085624694824	0
500	50.32107076286047	-1.9132523902953835e-06	0.42590072751045227	0
501	50.42146576438245	-1.902161784528289e-06	0.42788782715797424	0
502	50.52181576590374	-1.8912650148195098e-06	0.4299066662788391	0
503	50.62221076742571	-1.8829693999578012e-06	0.43191665410995483	0
504	50.722560768947005	-1.872102870947856e-06	0.43393296003341675	0
505	50.82295577046898	-1.8621495883053285e-06	0.43593668937683105	0
506	50.92330577199027	-1.8521427591622341e-06	0.4379287362098694	0
507	51.023700773512246	-1.8432995148032205e-06	0.43994128704071045	0
508	51.12405077503354	-1.8588998500490561e-06	0.44195666909217834	0
509	51.22444577655551	-1.811118067962525e-06	0.44395846128463745	0
510	51.32484077807749	-1.9467584024823736e-06	0.4459657073020935	0
511	51.42519077959878	-1.972139898498426e-06	0.44796353578567505	0
512	51.52558578112075	-2.013890934904339e-06	0.4499921500682831	0
513	51.625935782642046	-2.1579148778982926e-06	0.45200228691101074	0
514	51.72633078416402	-2.0764159671671223e-06	0.4540092945098877	0
515	51.82668078568531	-2.190858367612236e-06	0.4560159146785736	0
516	51.927075787207286	-2.0909697013848927e-06	0.45802271366119385	0
517	52.02742578872858	-2.097388460242655e-06	0.4600163996219635	0
518	52.12782079025055	-2.084145535263815e-06	0.4620246887207031	0
519	52.228170791771845	-2.0254869923519436e-06	0.46403440833091736	0
520	52.32856579329382	-2.040535719061154e-06	0.46604123711586	0
521	52.428960794815794	-1.9820438410533825e-06	0.46803826093673706	0
522	52.529310796337086	-1.9795179468928836e-06	0.47006577253341675	0
523	52.62970579785906	-1.95112716028234e-06	0.4720982611179352	0
524	52.73005579938035	-1.9278068066341802e-06	0.4741070866584778	0
525	52.83045080090233	-1.9178132788510993e-06	0.47610655426979065	0
526	52.93080080242362	-1.889877239591442e-06	0.4781319499015808	0
527	53.03119580394559	-1.880724198599637e-06	0.48012420535087585	0
528	53.131545805466885	-1.8618648027768359e-06	0.48212930560112	0
529	53.23194080698886	-1.845967290137196e-06	0.48413965106010437	0
530	53.33229080851015	-1.8345924672757974e-06	0.4861411452293396	0
531	53.432685810032126	-1.817778752410959e-06	0.48815178871154785	0
532	53.5330808115541	-1.8070156784233404e-06	0.49015694856643677	0
533	53.63343081307539	-1.7932085256688879e-06	0.4921754002571106	0
534	53.73382581459737	-1.7806171399570303e-06	0.49417445063591003	0
535	53.83417581611866	-1.770400785972015e-06	0.49618110060691833	0
536	53.93457081764063	-1.7584660554348375e-06	0.4981882572174072	0
537	54.034920819161925	-1.7476726270615472e-06	0.5001983642578125	0
538	54.1353158206839	-1.7357040178467287e-06	0.5021941661834717	0
539	54.23566582220519	-1.7252624502361869e-06	0.5041994452476501	0
540	54.336060823727166	-1.7157798311018269e-06	0.5062107443809509	0
541	54.43641082524846	-1.7037034467648482e-06	0.5082111954689026	0
542	54.53680582677043	-1.694966613285942e-06	0.5102205276489258	0
543	54.637155828291725	-1.6845049231051235e-06	0.5122149586677551	0
544	54.7375508298137	-1.6756592913225177e-06	0.5142149925231934	0
545	54.837945831335674	-1.6642937907818123e-06	0.5162274241447449	0
546	54.938295832856966	-1.6564889619985479e-06	0.5182303190231323	0
547	55.03869083437894	-1.6469975889776833e-06	0.5202437043190002	0
548	55.13904083590023	-1.638299977457791e-06	0.5222504138946533	0
549	55.23943583742221	-1.6285583797071013e-06	0.5242472290992737	0
550	55.3397858389435	-1.620014359104971e-06	0.526268720626831	0
551	55.44018084046547	-1.6116806591526256e-06	0.5282710790634155	0
552	55.540530841986765	-1.6021152760004043e-06	0.5302842259407043	0
553	55.64092584350874	-1.5929389292068663e-06	0.5322969555854797	0
554	55.74127584503003	-1.5854333241804852e-06	0.5342996120452881	0
555	55.841670846552006	-1.5765136822665227e-06	0.5363178253173828	0
556	55.94206584807398	-1.5680576552767889e-06	0.5383285880088806	0
557	56.04241584959527	-1.5596901903336402e-06	0.5403346419334412	0
558	56.14281085111725	-1.5518276086368132e-06	0.5423436164855957	0
559	56.24316085263854	-1.54332565216464e-06	0.5443350672721863	0
560	56.34355585416051	-1.5347656017183908e-06	0.5463539361953735	0
561	56.443905855681805	-1.5275704754458275e-06	0.5483614206314087	0
562	56.54430085720378	-1.5182472452579532e-06	0.5503687262535095	0
563	56.64465085872507	-1.5116286249394761e-06	0.5523747205734253	0
564	56.745045860247046	-1.5019048760223086e-06	0.5543748736381531	0
565	56.84539586176834	-1.4955033975638798e-06	0.5564138889312744	0
566	56.94579086329031	-1.4867265463180956e-06	0.5584210753440857	0
567	57.04618586481229	-1.4798099527979502e-06	0.5604352355003357	0
568	57.14653586633358	-1.471115183449001e-06	0.5624503493309021	0
569	57.24693086785555	-1.463228500142577e-06	0.564448893070221	0
570	57.347280869376846	-1.4559506098521524e-06	0.5664529800415039	0
571	57.44767587089882	-1.4478749790214351e-06	0.568464994430542	0
572	57.54802587242011	-1.4398369785340037e-06	0.570469319820404	0
573	57.64842087394209	-1.4314573490992188e-06	0.5724721550941467	0
574	57.74877087546338	-1.4239473102861666e-06	0.5744798183441162	0
575	57.84916587698535	-1.4168166444505914e-06	0.5764850378036499	0
576	57.94956087850733	-1.4087446515986812e-06	0.5784997940063477	0
577	58.04991088002862	-1.4015624856256181e-06	0.5805177092552185	0
578	58.150305881550594	-1.3949736512586242e-06	0.5825121402740479	0
579	58.250655883071886	-1.3855892575520556e-06	0.5845247507095337	0
580	58.35105088459386	-1.379468699269637e-06	0.5865403413772583	0
581	58.45140088611515	-1.3721745517614181e-06	0.58853679895401	0
582	58.55179588763713	-1.3641322311741533e-06	0.5905554890632629	0
583	58.65214588915842	-1.3582149449575809e-06	0.5925543904304504	0
584	58.75254089068039	-1.3486732086676056e-06	0.5945649743080139	0
585	58.852890892201685	-1.3426420082396362e-06	0.5965625643730164	0
586	58.95328589372366	-1.3360895536607131e-06	0.5985527634620667	0
587	59.053680895245634	-1.3277327752803103e-06	0.6005622744560242	0
588	59.154030896766926	-1.3210069482738618e-06	0.6025728583335876	0
589	59.2544258982889	-1.3144375543561182e-06	0.6045804023742676	0
590	59.35477589981019	-1.3070966815575957e-06	0.6065931916236877	0
591	59.45517090133217	-1.2997886642551748e-06	0.6085914373397827	0
592	59.55552090285346	-1.2932747495142394e-06	0.6106036305427551	0
593	59.65591590437543	-1.2857326510129496e-06	0.6126121878623962	0
594	59.756265905896726	-1.2792851293852436e-06	0.6146153807640076	0
595	59.8566609074187	-1.2739083103951998e-06	0.6166226863861084	0
596	59.95701090893999	-1.266643494091113e-06	0.6186400651931763	0
597	60.057405910461966	-1.2602009746842668e-06	0.6206416487693787	0
598	60.15775591198326	-1.2541464684545645e-06	0.6226478219032288	0
599	60.25815091350523	-1.2471447234929656e-06	0.6246649026870728	0
600	60.35854591502721	-1.240753817910445e-06	0.6266660094261169	0
601	60.4588959165485	-1.2354624914223677e-06	0.6286711692810059	0
602	60.559290918070474	-1.2282816896913573e-06	0.6306706666946411	0
603	60.659640919591766	-1.2218490610393928e-06	0.6326737999916077	0
604	60.76003592111374	-1.2164998679509154e-06	0.6346843838691711	0
605	60.86038592263503	-1.2098064416932175e-06	0.6366789937019348	0
606	60.96078092415701	-1.204611180583015e-06	0.6386889815330505	0
607	61.0611309256783	-1.197188908008684e-06	0.6406984925270081	0
608	61.16152592720027	-1.1921999885089463e-06	0.6427417397499084	0
609	61.261875928721565	-1.1857637218781747e-06	0.644759476184845	0
610	61.36227093024354	-1.1801106438724673e-06	0.6467658281326294	0
611	61.462665931765514	-1.1753830904126517e-06	0.6487797498703003	0
612	61.563015933286806	-1.1699117976604612e-06	0.65078204870224	0
613	61.66341093480878	-1.163527258540853e-06	0.6527783870697021	0
614	61.76376093633007	-1.1584140793274855e-06	0.654781699180603	0
615	61.86415593785205	-1.153574999079865e-06	0.6567809581756592	0
616	61.96450593937334	-1.1474905932118418e-06	0.6587943434715271	0
617	62.06490094089531	-1.1425012189647532e-06	0.6607998609542847	0
618	62.165250942416606	-1.137788558480679e-06	0.6628084778785706	0
619	62.26564594393858	-1.1315067922623712e-06	0.6648266315460205	0
620	62.36599594545987	-1.1255752951910836e-06	0.6668456792831421	0
621	62.466390946981846	-1.1214299320272403e-06	0.6688452363014221	0
622	62.56678594850382	-1.1152629895150312e-06	0.670836329460144	0
623	62.66713595002511	-1.1116376299469266e-06	0.6728524565696716	0
624	62.76753095154709	-1.1061009672630462e-06	0.6748729944229126	0
625	62.86788095306838	-1.1007120974682039e-06	0.6768697500228882	0
626	62.968275954590354	-1.0956906635328778e-06	0.6788817048072815	0
627	63.068625956111646	-1.0913246342170169e-06	0.6808828115463257	0
628	63.16902095763362	-1.0863116131076822e-06	0.682893693447113	0
629	63.26937095915491	-1.0822873264260124e-06	0.6849032640457153	0
630	63.36976596067689	-1.0762080364656867e-06	0.6869165301322937	0
631	63.47011596219818	-1.0719376177803497e-06	0.6889159679412842	0
632	63.57051096372015	-1.067741777660558e-06	0.6909365057945251	0
633	63.67090596524213	-1.062547198671382e-06	0.6929399967193604	0
634	63.77125596676342	-1.0579519766906742e-06	0.6949383020401001	0
635	63.871650968285394	-1.0523355058467132e-06	0.6969521641731262	0
636	63.972000969806686	-1.0483731784916017e-06	0.6989646553993225	0
637	64.07239597132866	-1.0445799034641823e-06	0.7009598612785339	0
638	64.17274597284995	-1.0399459142718115e-06	0.70297771692276	0
639	64.87537598350173	-1.0128250096386182e-06	0.7163729071617126	0
640	65.77875099719677	-9.959032922779443e-07	0.7355999946594238	0
641	66.28063600480527	-9.79536252998514e-07	0.7456499338150024	0
642	66.58173100936983	-8.972899649961619e-07	0.7518297433853149	0
643	66.6821260108918	-9.902014426188543e-07	0.7532869577407837	0
644	66.7824760124131	-9.893560672935564e-07	0.7552875876426697	0
645	66.88287101393507	-9.850355127127841e-07	0.7572866678237915	0
646	66.98322101545637	-9.805133913687314e-07	0.7592840790748596	0
647	67.08361601697834	-9.764834203451755e-07	0.7612942457199097	0
648	67.18401101850031	-9.735964567880728e-07	0.7633048892021179	0
649	67.2843610200216	-9.680766197561752e-07	0.7653100490570068	0
650	67.38475602154358	-9.642992608860368e-07	0.7673138380050659	0
651	67.48510602306487	-9.605994364392245e-07	0.7693153023719788	0
652	67.58550102458685	-9.57506586019008e-07	0.7713132500648499	0
653	67.68585102610814	-9.526688131700212e-07	0.7733128070831299	0
654	67.78624602763011	-9.478142715124704e-07	0.7753177881240845	0
655	67.8865960291514	-9.435008792024746e-07	0.7773255705833435	0
656	67.98699103067338	-9.383335850543517e-07	0.7793354392051697	0
657	68.08734103219467	-9.340851079286949e-07	0.781332790851593	0
658	68.18773603371665	-9.292147638007009e-07	0.7833588123321533	0
659	68.28813103523862	-9.261708555641235e-07	0.7853694558143616	0
660	68.38848103675991	-9.21147545795975e-07	0.7873764038085938	0
661	68.48887603828189	-9.154804843092279e-07	0.7893716096878052	0
662	68.58922603980318	-9.118288630816096e-07	0.7913845777511597	0
663	68.68962104132515	-9.076356377590855e-07	0.793405294418335	0
664	68.78997104284645	-9.035451284944429e-07	0.7954128384590149	0
665	68.89036604436842	-8.981171504274243e-07	0.7974040508270264	0
666	68.99071604588971	-8.941482860791439e-07	0.7994181513786316	0
667	69.09111104741169	-8.879679285200837e-07	0.8014351725578308	0
668	69.19146104893298	-8.841590215524775e-07	0.8034368753433228	0
669	69.29185605045495	-8.806486562207283e-07	0.8054445385932922	0
670	69.39225105197693	-8.754245754971635e-07	0.8074461221694946	0
671	69.49260105349822	-8.699981322024541e-07	0.8094666600227356	0
672	69.5929960550202	-8.647240292702918e-07	0.8114637136459351	0
673	69.69334605654149	-8.614179591859283e-07	0.8134974241256714	0
674	69.79374105806346	-8.546899721295631e-07	0.8155238032341003	0
675	69.89409105958475	-8.500730359628506e-07	0.8175269365310669	0
676	69.99448606110673	-8.459734317511902e-07	0.819542407989502	0
677	70.09483606262802	-8.416543550993083e-07	0.8215514421463013	0
678	70.19523106415	-8.35061996440345e-07	0.8235552310943604	0
679	70.29558106567129	-8.315291211147269e-07	0.8255661129951477	0
680	70.39597606719326	-8.258074899458734e-07	0.8275691866874695	0
681	70.49637106871523	-8.19495312498475e-07	0.8295897245407104	0
682	70.59672107023653	-8.16536555703351e-07	0.8315885663032532	0
683	70.6971160717585	-8.106449058686849e-07	0.833594024181366	0
684	70.7974660732798	-8.053197575463855e-07	0.8356114625930786	0
685	70.89786107480177	-7.980114560268703e-07	0.8376235365867615	0
686	70.99821107632306	-7.953565273055574e-07	0.8396272659301758	0
687	71.09860607784503	-7.887683182161709e-07	0.8416480422019958	0
688	71.19895607936633	-7.848157110856846e-07	0.8436633944511414	0
689	71.2993510808883	-7.779164548082917e-07	0.8456662893295288	0
690	71.39970108240959	-7.717034122833866e-07	0.8476691246032715	0
691	71.50009608393157	-7.664764893888787e-07	0.8496716022491455	0
692	71.60049108545354	-7.62147521982115e-07	0.8516786098480225	0
693	71.70084108697483	-7.543506512774911e-07	0.8536904454231262	0
694	71.80123608849681	-7.499388061660284e-07	0.855676531791687	0
695	71.9015860900181	-7.443454705935437e-07	0.8576809763908386	0
696	72.00198109154007	-7.371525612143159e-07	0.8596882224082947	0
697	72.10233109306137	-7.310129035431601e-07	0.8617071509361267	0
698	72.20272609458334	-7.250114322232548e-07	0.8637206554412842	0
699	72.30307609610463	-7.186065431596944e-07	0.8657243251800537	0
700	72.4034710976266	-7.113088713595062e-07	0.8677403330802917	0
701	72.5038210991479	-7.045386496429273e-07	0.8697471022605896	0
702	72.60421610066987	-6.996007186899078e-07	0.871751070022583	0
703	72.70461110219185	-6.905827945047349e-07	0.873765766620636	0
704	72.80496110371314	-6.827926313235366e-07	0.8757684230804443	0
705	72.90535610523511	-6.780587114008085e-07	0.8777929544448853	0
706	73.0057061067564	-6.676150974271877e-07	0.8798106908798218	0
707	73.10610110827838	-6.615518941543996e-07	0.8818243145942688	0
708	73.20645110979967	-6.543992299157253e-07	0.8838342428207397	0
709	73.30684611132165	-6.448540830206184e-07	0.885841965675354	0
710	73.40719611284294	-6.381970933944103e-07	0.8878501653671265	0
711	73.50759111436491	-6.293213914432272e-07	0.8898630738258362	0
712	73.6079411158862	-6.212541734385013e-07	0.891859769821167	0
713	73.70833611740818	-6.123338494035124e-07	0.8938615918159485	0
714	73.80873111893015	-6.029462156220688e-07	0.8958579301834106	0
715	73.90908112045145	-5.945274779151077e-07	0.8978723883628845	0
716	74.00947612197342	-5.838892889187264e-07	0.8999149799346924	0
717	74.10982612349471	-5.722570790567261e-07	0.9019352793693542	0
718	74.21022112501669	-5.657363999489462e-07	0.9039342999458313	0
719	74.31057112653798	-5.536835487873759e-07	0.9059387445449829	0
720	74.41096612805995	-5.446510158435558e-07	0.90794837474823	0
721	74.51131612958125	-5.310713504513842e-07	0.9099574685096741	0
722	74.61171113110322	-5.216258500695403e-07	0.9119665026664734	0
723	74.71206113262451	-5.097759299133031e-07	0.9139654636383057	0
724	74.81245613414649	-4.980311700819584e-07	0.9159799218177795	0
725	74.91280613566778	-4.861124693888996e-07	0.9179856181144714	0
726	75.01320113718975	-4.7519569079668145e-07	0.9199951887130737	0
727	75.11359613871173	-4.5922720914859383e-07	0.9220189452171326	0
728	75.21394614023302	-4.47190302566014e-07	0.924024760723114	0
729	75.314341141755	-4.338786254720617e-07	0.9260226488113403	0
730	75.41469114327629	-4.2019050283670367e-07	0.9280326962471008	0
731	75.51508614479826	-4.035202039176511e-07	0.9300335645675659	0
732	75.61543614631955	-3.8962554071986233e-07	0.9320453405380249	0
733	75.71583114784153	-3.7247906448101276e-07	0.9340548515319824	0
734	75.81618114936282	-3.5715908097699867e-07	0.936059296131134	0
735	75.9165761508848	-3.395919350168697e-07	0.9380715489387512	0
736	76.01692615240609	-3.243263506647054e-07	0.9400733709335327	0
737	76.11732115392806	-3.04198010780965e-07	0.9420599341392517	0
738	76.21771615545003	-2.8980514343857067e-07	0.9440728425979614	0
739	76.31806615697133	-2.650277224347519e-07	0.9460756182670593	0
740	76.4184611584933	-2.484550520875928e-07	0.9480907320976257	0
741	76.5188111600146	-2.239558085648241e-07	0.950088620185852	0
742	76.61920616153657	-2.0794986710370722e-07	0.952095091342926	0
743	76.81995116457983	1.0834119024139e-07	0.9563031792640686	0
744	77.12104616914439	-2.3731173470764588e-08	0.962239146232605	0
745	77.22144117066637	-2.5417230986590766e-08	0.9641277194023132	0
746	77.32183617218834	6.099115656965637e-10	0.9661290049552917	0
747	77.42218617370963	3.21679678449982e-08	0.9681093096733093	0
748	77.52258117523161	6.083661929778827e-08	0.9701065421104431	0
749	77.72332617827487	-5.863358865099144e-08	0.9740143418312073	0
750	77.82367617979617	-1.1060295435072476e-07	0.9757737517356873	0
