	t	I	Ewe	Cycle
0	0.11718000177643262	-8.514321621078125e-07	0.9322673082351685	0
1	0.21753000329772476	-9.446476383345725e-07	0.9310532212257385	0
2	0.3179250048196991	-1.0200228643952869e-06	0.9289534687995911	0
3	0.41832000634167343	-1.1690744941006415e-06	0.927108108997345	0
4	0.5186700078629656	-1.285661028305185e-06	0.9250955581665039	0
5	0.6190650093849399	-1.3717254887524177e-06	0.9230909943580627	0
6	0.719415010906232	-1.4388519957719836e-06	0.9210875630378723	0
7	0.8198100124282064	-1.489735382165236e-06	0.9190626740455627	0
8	0.9201600139494985	-1.5267850130840088e-06	0.9170606136322021	0
9	1.0205550154714729	-1.5534333215327933e-06	0.9150480031967163	0
10	1.120905016992765	-1.5703998315075296e-06	0.9130451679229736	0
11	1.2213000185147393	-1.5873416714384803e-06	0.9110451340675354	0
12	1.3216500200360315	-1.5941498077154392e-06	0.9090259671211243	0
13	1.4220450215580058	-1.5952012972775265e-06	0.9070252776145935	0
14	1.5224400230799802	-1.5972974551914376e-06	0.9050180315971375	0
15	1.6227900246012723	-1.5920102214295184e-06	0.9030109643936157	0
16	1.7231850261232466	-1.5851429679969442e-06	0.9010108113288879	0
17	1.8235350276445388	-1.5793672218933352e-06	0.8989796042442322	0
18	1.9239300291665131	-1.569275809742976e-06	0.8969568610191345	0
19	2.0242800306878053	-1.5564717159577413e-06	0.89494389295578	0
20	2.1246750322097796	-1.545459440421837e-06	0.8929385542869568	0
21	2.2250250337310717	-1.5324036439778865e-06	0.8909307718276978	0
22	2.325420035253046	-1.5178411558736116e-06	0.8889291286468506	0
23	2.4257700367743382	-1.5046653061290272e-06	0.886914849281311	0
24	2.5261650382963126	-1.489310193392157e-06	0.8849177360534668	0
25	2.626560039818287	-1.4762484852326452e-06	0.8829099535942078	0
26	2.726910041339579	-1.4602444480260601e-06	0.8809087872505188	0
27	2.8273050428615534	-1.4479956007562578e-06	0.8788951635360718	0
28	2.9276550443828455	-1.4337803122543846e-06	0.8768762946128845	0
29	3.02805004590482	-1.4203116052158293e-06	0.8748708963394165	0
30	3.128400047426112	-1.4053333643460064e-06	0.8728688955307007	0
31	3.2287950489480863	-1.3939848031441215e-06	0.8708505630493164	0
32	3.3291450504693785	-1.3800179203826701e-06	0.8688482642173767	0
33	3.429540051991353	-1.3688591025129426e-06	0.866828203201294	0
34	3.529890053512645	-1.3553124063037103e-06	0.8648319244384766	0
35	3.6302850550346193	-1.3436696235658019e-06	0.8628352284431458	0
36	3.7306800565565936	-1.3310545909916982e-06	0.8608210682868958	0
37	3.8310300580778858	-1.3211378018240794e-06	0.8588196039199829	0
38	3.93142505959986	-1.3094785344947013e-06	0.8567999601364136	0
39	4.031775061121152	-1.2988791695534019e-06	0.854807436466217	0
40	4.132170062643127	-1.289289912165259e-06	0.8528061509132385	0
41	4.232520064164419	-1.2786942988896044e-06	0.8507946729660034	0
42	4.332915065686393	-1.2692479458564776e-06	0.8487980961799622	0
43	4.433265067207685	-1.2599789442901965e-06	0.8467872142791748	0
44	4.5336600687296595	-1.2515572507254547e-06	0.8447808027267456	0
45	4.634010070250952	-1.2416377330737305e-06	0.842784583568573	0
46	4.734405071772926	-1.2349423741397914e-06	0.840782105922699	0
47	4.8348000732949	-1.2254625971763744e-06	0.8387613296508789	0
48	4.9351500748161925	-1.2176409427411272e-06	0.836764931678772	0
49	5.035545076338167	-1.2122044381612795e-06	0.8347439765930176	0
50	5.135895077859459	-1.2042014532198664e-06	0.8327352404594421	0
51	5.236290079381433	-1.1967885029662284e-06	0.8307358622550964	0
52	5.3366400809027255	-1.1899546734639443e-06	0.8287308812141418	0
53	5.4370350824247	-1.18357343126263e-06	0.8267232775688171	0
54	5.537385083945992	-1.177362378257385e-06	0.824722170829773	0
55	5.637780085467966	-1.1696009778461303e-06	0.8227046132087708	0
56	5.738130086989258	-1.1636715271379217e-06	0.8207013607025146	0
57	5.838525088511233	-1.1581033731999923e-06	0.818679928779602	0
58	5.938920090033207	-1.153655830421485e-06	0.8166745901107788	0
59	6.039270091554499	-1.1464187537058024e-06	0.8146690726280212	0
60	6.139665093076474	-1.143144913839933e-06	0.8126407265663147	0
61	6.240015094597766	-1.1369654657755746e-06	0.8106210231781006	0
62	6.34041009611974	-1.1325680588925024e-06	0.8086200952529907	0
63	6.440760097641032	-1.1270172990407445e-06	0.8066149353981018	0
64	6.5411550991630065	-1.1237498256377876e-06	0.8046203851699829	0
65	6.641505100684299	-1.1183323067598394e-06	0.8025988340377808	0
66	6.708420101698721	-1.1148376870551147e-06	0.8009292483329773	0
67	6.808770103220013	-1.1120185945401317e-06	0.7992557287216187	0
68	6.909165104741987	-1.1068541425629519e-06	0.7972500324249268	0
69	7.0095151062632794	-1.1031459052901482e-06	0.7952466011047363	0
70	7.109910107785254	-1.0989679140038788e-06	0.7932432293891907	0
71	7.210260109306546	-1.0955067182294442e-06	0.791228175163269	0
72	7.31065511082852	-1.0918369071077905e-06	0.7892131209373474	0
73	7.411050112350495	-1.0870155620068545e-06	0.7872085571289062	0
74	7.511400113871787	-1.0848293641174678e-06	0.7852010130882263	0
75	7.611795115393761	-1.0807698345161043e-06	0.7832039594650269	0
76	7.712145116915053	-1.077502133739472e-06	0.7811963558197021	0
77	7.812540118437028	-1.075300133379642e-06	0.7791863083839417	0
78	7.91289011995832	-1.0715689313656185e-06	0.7771802544593811	0
79	8.013285121480294	-1.0686319455999183e-06	0.77517169713974	0
80	8.113635123001586	-1.0663566172297578e-06	0.7731600999832153	0
81	8.21403012452356	-1.0635920943968813e-06	0.7711484432220459	0
82	8.314380126044853	-1.0603883993098862e-06	0.7691547870635986	0
83	8.414775127566827	-1.05767924196698e-06	0.7671496868133545	0
84	8.51512512908812	-1.0552425919740926e-06	0.7651482224464417	0
85	8.615520130610093	-1.0526730420679087e-06	0.7631461024284363	0
86	8.715915132132068	-1.0496403319848469e-06	0.761135458946228	0
87	8.81626513365336	-1.0474548162164865e-06	0.7591218948364258	0
88	8.916660135175334	-1.045022258949757e-06	0.7571357488632202	0
89	9.017010136696626	-1.043127440425451e-06	0.755124032497406	0
90	9.1174051382186	-1.0412534265924478e-06	0.7531202435493469	0
91	9.217755139739893	-1.0386676194684696e-06	0.7511090636253357	0
92	9.318150141261867	-1.0378953447798267e-06	0.7490876913070679	0
93	9.41850014278316	-1.0354259529776755e-06	0.7470904588699341	0
94	9.518895144305134	-1.0342592986489763e-06	0.7450823783874512	0
95	9.619245145826426	-1.0328392363589955e-06	0.7430840134620667	0
96	9.7196401473484	-1.0308232276656781e-06	0.7410579919815063	0
97	9.820035148870375	-1.029674876917852e-06	0.739048957824707	0
98	9.920385150391667	-1.0280705282639246e-06	0.73703932762146	0
99	10.020780151913641	-1.026496875056182e-06	0.73504638671875	0
100	10.121130153434933	-1.025547021527018e-06	0.7330350875854492	0
101	10.221525154956907	-1.0231821079287329e-06	0.7310327291488647	0
102	10.3218751564782	-1.0223490107819089e-06	0.7290135025978088	0
103	10.422270158000174	-1.0216263035545126e-06	0.7269871830940247	0
104	10.522620159521466	-1.0203566489508376e-06	0.7249718308448792	0
105	10.62301516104344	-1.0195329878115444e-06	0.7229582071304321	0
106	10.723365162564733	-1.0190915418206714e-06	0.7209608554840088	0
107	10.823760164086707	-1.0178840739172301e-06	0.718949556350708	0
108	10.924155165608681	-1.0164426385017578e-06	0.7169482111930847	0
109	11.024505167129973	-1.0166419315282837e-06	0.7149430513381958	0
110	11.124900168651948	-1.0166960464630392e-06	0.7129347920417786	0
111	11.22525017017324	-1.0155159770874889e-06	0.7109165191650391	0
112	11.325645171695214	-1.0154025176234427e-06	0.7089158296585083	0
113	11.425995173216506	-1.0144734687855816e-06	0.706918478012085	0
114	11.52639017473848	-1.0144082125407294e-06	0.7048924565315247	0
115	11.626740176259773	-1.0138594461750472e-06	0.7028926610946655	0
116	11.727135177781747	-1.0138659263247973e-06	0.7008799910545349	0
117	11.82748517930304	-1.0142232440557564e-06	0.698871910572052	0
118	11.927880180825014	-1.0132599754797411e-06	0.696861207485199	0
119	12.028275182346988	-1.0137495110029704e-06	0.6948421001434326	0
120	12.12862518386828	-1.0145859050680883e-06	0.6928489208221436	0
121	12.229020185390254	-1.0138659263247973e-06	0.6908425688743591	0
122	12.329370186911547	-1.0142616702069063e-06	0.688843309879303	0
123	12.429765188433521	-1.015496309264563e-06	0.6868277192115784	0
124	12.530115189954813	-1.0150670277653262e-06	0.6848219633102417	0
125	12.630510191476787	-1.0161440968659008e-06	0.6828131675720215	0
126	12.73086019299808	-1.0158811392102507e-06	0.6808013319969177	0
127	12.831255194520054	-1.0170364248551778e-06	0.6788013577461243	0
128	12.931605196041346	-1.0166427273361478e-06	0.6767963171005249	0
129	13.03200019756332	-1.0186680583501584e-06	0.6747890710830688	0
130	13.132395199085295	-1.0188159649260342e-06	0.6727762818336487	0
131	13.232745200606587	-1.0196795301453676e-06	0.6707689166069031	0
132	13.333140202128561	-1.020118361338973e-06	0.6687654852867126	0
133	13.433490203649853	-1.0222311175311916e-06	0.6667642593383789	0
134	13.533885205171828	-1.0225753612758126e-06	0.6647509336471558	0
135	13.63423520669312	-1.024162543217244e-06	0.6627269983291626	0
136	13.734630208215094	-1.0252157380818971e-06	0.6607170701026917	0
137	13.834980209736386	-1.0260062026645755e-06	0.6587238311767578	0
138	13.93537521125836	-1.0275924751113052e-06	0.6567047238349915	0
139	14.035725212779653	-1.0295455012965249e-06	0.6547103524208069	0
140	14.136120214301627	-1.0320023875465267e-06	0.6526995301246643	0
141	14.236515215823601	-1.0326371011615265e-06	0.6506985425949097	0
142	14.336865217344894	-1.0334719036109163e-06	0.6486905217170715	0
143	14.437260218866868	-1.0354165169701446e-06	0.6466816663742065	0
144	14.53761022038816	-1.037116021507245e-06	0.6446738839149475	0
145	14.638005221910134	-1.0388375812908635e-06	0.6426625847816467	0
146	14.738355223431427	-1.0411131370346993e-06	0.6406152248382568	0
147	14.838750224953401	-1.0429920394017245e-06	0.6386103630065918	0
148	14.939100226474693	-1.0455919436935801e-06	0.6366035342216492	0
149	15.039495227996667	-1.0476243232915294e-06	0.6345975399017334	0
150	15.13984522951796	-1.050733544616378e-06	0.6325908899307251	0
151	15.240240231039934	-1.0528243592489162e-06	0.6305805444717407	0
152	15.340635232561908	-1.0550634215178434e-06	0.628585159778595	0
153	15.4409852340832	-1.0577024340818753e-06	0.6265805959701538	0
154	15.541380235605175	-1.0593912520562299e-06	0.6245660781860352	0
155	15.641730237126467	-1.0627434221532894e-06	0.622560441493988	0
156	15.742125238648441	-1.0654869129211875e-06	0.6205448508262634	0
157	15.842475240169733	-1.0682434776754235e-06	0.6185429096221924	0
158	15.942870241691708	-1.0720557384047424e-06	0.6165255308151245	0
159	16.043220243213	-1.0737161346696666e-06	0.614516019821167	0
160	16.143615244734974	-1.0773768508443027e-06	0.6125107407569885	0
161	16.243965246256266	-1.0805712236106046e-06	0.6105043292045593	0
162	16.34436024777824	-1.0834966133188573e-06	0.6085014343261719	0
163	16.444755249300215	-1.0872161055885954e-06	0.6064967513084412	0
164	16.545105250821507	-1.091175931833277e-06	0.6044858694076538	0
165	16.64550025234348	-1.0938371133306646e-06	0.6024738550186157	0
166	16.745850253864774	-1.0975060149576166e-06	0.6004626750946045	0
167	16.846245255386748	-1.1015679319825722e-06	0.5984623432159424	0
168	16.94659525690804	-1.104787315853173e-06	0.5964630842208862	0
169	17.046990258430014	-1.109238610297325e-06	0.5944615006446838	0
170	17.147340259951307	-1.1122228897875175e-06	0.5924525260925293	0
171	17.24773526147328	-1.115493773795606e-06	0.5904576182365417	0
172	17.348085262994573	-1.1198127367606503e-06	0.5884445309638977	0
173	17.448480264516547	-1.1238114439038327e-06	0.5864452719688416	0
174	17.54887526603852	-1.12828843157331e-06	0.5844327807426453	0
175	17.649225267559814	-1.1316626569168875e-06	0.5824122428894043	0
176	17.749620269081788	-1.1358391702742665e-06	0.5804262161254883	0
177	17.84997027060308	-1.1408322961869999e-06	0.5784136056900024	0
178	17.950365272125055	-1.1459961797299911e-06	0.5763981938362122	0
179	18.050715273646347	-1.1499203083076281e-06	0.5743847489356995	0
180	18.15111027516832	-1.1548261227289913e-06	0.5723870396614075	0
181	18.251460276689613	-1.1595250271057012e-06	0.570387601852417	0
182	18.351855278211588	-1.1641661785688484e-06	0.5683743357658386	0
183	18.45220527973288	-1.1697117088260711e-06	0.5663660764694214	0
184	18.552600281254854	-1.1738156899809837e-06	0.564354419708252	0
185	18.65299528277683	-1.178781531052664e-06	0.562351405620575	0
186	18.75334528429812	-1.184330585601856e-06	0.5603383183479309	0
187	18.853740285820095	-1.1898889624717413e-06	0.558326780796051	0
188	18.954090287341387	-1.1946207223445526e-06	0.5563184022903442	0
189	19.05448528886336	-1.19996093417285e-06	0.554288923740387	0
190	19.154835290384653	-1.2048526514263358e-06	0.5522800087928772	0
191	19.255230291906628	-1.2109306908314466e-06	0.5502740740776062	0
192	19.35558029342792	-1.2169912224635482e-06	0.5482686758041382	0
193	19.455975294949894	-1.222189553118369e-06	0.5462658405303955	0
194	19.556325296471186	-1.2285163393244147e-06	0.5442442893981934	0
195	19.65672029799316	-1.2342986792646116e-06	0.5422496199607849	0
196	19.757115299515135	-1.2401073945511598e-06	0.5402479767799377	0
197	19.857465301036427	-1.2463558505260153e-06	0.5382373929023743	0
198	19.9578603025584	-1.2519872143457178e-06	0.5362294316291809	0
199	20.058210304079694	-1.258580027752032e-06	0.5342140793800354	0
200	20.158605305601668	-1.264219008589862e-06	0.5322129726409912	0
201	20.25895530712296	-1.2713717296719551e-06	0.5302072763442993	0
202	20.359350308644935	-1.2775327604686026e-06	0.5281952619552612	0
203	20.459700310166227	-1.2846082881878829e-06	0.5261900424957275	0
204	20.5600953116882	-1.2908120652355137e-06	0.5241773128509521	0
205	20.660445313209493	-1.297698872804176e-06	0.522179126739502	0
206	20.760840314731468	-1.3043340914009605e-06	0.5201676487922668	0
207	20.861235316253442	-1.3121991742082173e-06	0.5181513428688049	0
208	20.961585317774734	-1.31926060475962e-06	0.5161465406417847	0
209	21.06198031929671	-1.3259044635560713e-06	0.5141361355781555	0
210	21.162330320818	-1.3339254110178445e-06	0.5121389627456665	0
211	21.262725322339975	-1.3393838571573724e-06	0.5101459622383118	0
212	21.363075323861267	-1.3474889328790596e-06	0.5081338882446289	0
213	21.46347032538324	-1.3553119515563594e-06	0.5061311721801758	0
214	21.563820326904533	-1.362268903903896e-06	0.5041362047195435	0
215	21.664215328426508	-1.3695822644876898e-06	0.5021291375160217	0
216	21.7645653299478	-1.3773216096524266e-06	0.5001250505447388	0
217	21.864960331469774	-1.3845536841472494e-06	0.4981098175048828	0
218	21.96535533299175	-1.3921722938903258e-06	0.49610331654548645	0
219	22.06570533451304	-1.4011526445756317e-06	0.4941022992134094	0
220	22.166100336035015	-1.408253069712373e-06	0.49208441376686096	0
221	22.266450337556307	-1.416567329215468e-06	0.490071564912796	0
222	22.36684533907828	-1.424481752110296e-06	0.4880613386631012	0
223	22.467195340599574	-1.4328687711895327e-06	0.4860474467277527	0
224	22.567590342121548	-1.4419587159864022e-06	0.48404666781425476	0
225	22.66794034364284	-1.449563683308952e-06	0.4820380210876465	0
226	22.768335345164814	-1.4583797565137502e-06	0.48001953959465027	0
227	22.868685346686107	-1.4660695342172403e-06	0.47802427411079407	0
228	22.96908034820808	-1.474203827456222e-06	0.4760039746761322	0
229	23.069475349730055	-1.483333562646294e-06	0.47400689125061035	0
230	23.169825351251347	-1.4918351780579542e-06	0.47199374437332153	0
231	23.270220352773322	-1.5008456557552563e-06	0.46995919942855835	0
232	23.370570354294614	-1.510069523646962e-06	0.46794718503952026	0
233	23.47096535581659	-1.5184273252089042e-06	0.4659375548362732	0
234	23.57131535733788	-1.5282057574950159e-06	0.46393322944641113	0
235	23.671710358859855	-1.5369170114354347e-06	0.4619353413581848	0
236	23.772060360381147	-1.5453188098035753e-06	0.45992857217788696	0
237	23.87245536190312	-1.5548200735793216e-06	0.4579394459724426	0
238	23.972805363424413	-1.5641937807231443e-06	0.4559251368045807	0
239	24.073200364946388	-1.57381782628363e-06	0.45392411947250366	0
240	24.17355036646768	-1.583311473041249e-06	0.4519191086292267	0
241	24.273945367989654	-1.5917213431748678e-06	0.44990622997283936	0
242	24.37434036951163	-1.6024844171624864e-06	0.44788357615470886	0
243	24.47469037103292	-1.6120894770210725e-06	0.4458838999271393	0
244	24.575085372554895	-1.6214986544582644e-06	0.44387707114219666	0
245	24.675435374076187	-1.6302764151987503e-06	0.4418708384037018	0
246	24.77583037559816	-1.6398056459365762e-06	0.43986430764198303	0
247	24.876180377119454	-1.6517593621756532e-06	0.4378505349159241	0
248	24.976575378641428	-1.669870357545733e-06	0.4358402192592621	0
249	25.07692538016272	-1.7883513692140696e-06	0.4338420629501343	0
250	25.177320381684694	-1.9645626707642805e-06	0.4318385422229767	0
251	25.27771538320667	-1.996141691051889e-06	0.4298192262649536	0
252	25.37806538472796	-2.1171763364691287e-06	0.4278191030025482	0
253	25.478460386249935	-2.22483572542842e-06	0.4258195459842682	0
254	25.578810387771227	-2.3860077362769516e-06	0.42382577061653137	0
255	25.6792053892932	-2.451534783176612e-06	0.42181241512298584	0
256	25.779555390814494	-2.422568741167197e-06	0.4198146462440491	0
257	25.879950392336468	-2.433623649267247e-06	0.4178031384944916	0
258	25.98030039385776	-2.3532579689344857e-06	0.41580355167388916	0
259	26.080695395379735	-2.3222251002152916e-06	0.4138043224811554	0
260	26.181045396901027	-2.2960261958360206e-06	0.4117918908596039	0
261	26.281440398423	-2.846977849912946e-06	0.409843385219574	0
262	26.381835399944976	-8.490693289786577e-06	0.4076920747756958	0
263	26.482185401466268	-6.2784624788037036e-06	0.4057435989379883	0
264	26.582580402988242	-5.332588443707209e-06	0.40375664830207825	0
265	26.8836754075528	-5.044129920861451e-06	0.3972163498401642	0
266	26.984070409074775	-4.353420990810264e-06	0.3957171142101288	0
267	27.084420410596067	-4.207774964015698e-06	0.3937240242958069	0
268	27.18481541211804	-4.066117526235757e-06	0.3917098939418793	0
269	27.285165413639334	-3.936587290809257e-06	0.38970500230789185	0
270	27.385560415161308	-3.889443632942857e-06	0.38768884539604187	0
271	27.4859104166826	-3.821130576397991e-06	0.38568633794784546	0
272	27.586305418204574	-3.7789995985804126e-06	0.38363876938819885	0
273	27.68670041972655	-3.722146175277885e-06	0.3816342055797577	0
274	27.78705042124784	-3.737873385034618e-06	0.3796384632587433	0
275	27.887445422769815	-3.717003892234061e-06	0.3776359558105469	0
276	27.987795424291107	-3.6739872939506313e-06	0.3756319284439087	0
277	28.08819042581308	-3.609330860854243e-06	0.37361830472946167	0
278	28.188540427334374	-3.66953645425383e-06	0.37160632014274597	0
279	28.288935428856348	-3.6323763197287917e-06	0.36959439516067505	0
280	28.38928543037764	-3.63414528692374e-06	0.36756008863449097	0
281	28.489680431899615	-3.641158855316462e-06	0.3655874729156494	0
282	28.59007543342159	-3.6619480852095876e-06	0.36354270577430725	0
283	28.790820436464855	-4.536300650670455e-07	0.3591916859149933	0
284	28.891170437986148	1.2272480809372155e-09	0.35752445459365845	0
285	28.991565439508122	1.3666821008229135e-09	0.35558784008026123	0
286	29.091915441029414	1.4421850380585965e-09	0.35356467962265015	0
287	29.19231044255139	2.217747763211264e-09	0.3514513075351715	0
288	29.29266044407268	-1.6337055042114912e-09	0.3494367003440857	0
289	29.393055445594655	-1.3145394772706709e-09	0.3474069833755493	0
290	29.493405447115947	-5.355701993003947e-10	0.34546545147895813	0
291	29.59380044863792	-1.6563959093218728e-09	0.34350162744522095	0
292	29.694150450159214	-3.204809473356107e-10	0.34147414565086365	0
293	29.794545451681188	-1.304118146805422e-09	0.33948636054992676	0
294	29.894940453203162	-2.079570293744837e-09	0.33747974038124084	0
295	29.995290454724454	-1.1404087674193875e-09	0.33543434739112854	0
296	30.09568545624643	1.995320575431947e-09	0.33330926299095154	0
297	30.19603545776772	8.711525389948349e-10	0.3302325904369354	0
298	30.296430459289695	-2.5179571760958197e-09	0.3312901258468628	0
299	30.396780460810987	-4.784658225176486e-10	0.32825392484664917	0
300	30.49717546233296	2.1941670702574356e-09	0.32464879751205444	0
301	30.597525463854254	1.8337632523568459e-09	0.32178598642349243	0
302	30.697920465376228	-4.11161282798389e-09	0.32272279262542725	0
303	30.79827046689752	1.0892123869510328e-09	0.3209294378757477	0
304	30.898665468419495	3.54797746737745e-09	0.31566324830055237	0
305	30.99906046994147	7.93601712123504e-11	0.31346258521080017	0
306	31.09941047146276	-4.168863476650131e-09	0.31347399950027466	0
307	31.199805472984735	-2.9628874909093383e-09	0.3134399950504303	0
308	31.300155474506028	-1.5503324179988454e-09	0.3112473487854004	0
309	31.400550476028002	5.449790840827973e-09	0.3057911694049835	0
310	31.500900477549294	2.386219666306033e-09	0.3027072548866272	0
311	31.60129547907127	-3.45924089373284e-09	0.30416369438171387	0
312	31.70164548059256	-1.1597277305153142e-10	0.3036239445209503	0
313	31.802040482114535	5.1867425909790654e-09	0.2962382137775421	0
314	31.90243548363651	-4.091226468716513e-09	0.2977100610733032	0
315	32.0027854851578	-2.3199335785761832e-09	0.29744794964790344	0
316	32.103180486679776	2.4330266690242297e-09	0.2942180633544922	0
317	32.20353048820107	5.345162978898088e-09	0.28866979479789734	0
318	32.30392548972304	-1.8507515520127527e-09	0.2886196970939636	0
319	32.404275491244334	-1.6887510279062212e-09	0.2886470556259155	0
320	32.50467049276631	2.6877833292360265e-09	0.28637513518333435	0
321	32.6050204942876	3.4410325699951727e-09	0.28103935718536377	0
322	32.705415495809575	-1.4252945490511593e-09	0.2806164026260376	0
323	32.80576549733087	-3.1808236045094418e-09	0.28070780634880066	0
324	32.90616049885284	-1.4438554796214476e-09	0.27892637252807617	0
325	33.006510500374134	8.523476924260365e-10	0.2754877805709839	0
326	33.10690550189611	1.1691317913786747e-09	0.27317264676094055	0
327	33.20730050341808	2.0160135782987254e-09	0.27132222056388855	0
328	33.307650504939375	1.993653242493565e-09	0.2687763571739197	0
329	33.40804550646135	1.198722787698614e-09	0.26656800508499146	0
330	33.50839550798264	-4.4146181155113595e-10	0.26566192507743835	0
331	33.608790509504615	5.118911405865845e-10	0.2630530893802643	0
332	33.70914051102591	-3.229627676404334e-09	0.26348766684532166	0
333	33.80953551254788	-4.236899719956e-09	0.26039814949035645	0
334	33.909885514069174	-7.565201243231456e-10	0.2576461732387543	0
335	34.01028051559115	-8.399398399028257e-10	0.25507381558418274	0
336	34.11063051711244	1.0522093196740911e-09	0.2536054849624634	0
337	34.211025518634415	8.52454384858703e-10	0.25064483284950256	0
338	34.31142052015639	1.23645327310129e-09	0.2484768182039261	0
339	34.41177052167768	1.0362966040844412e-09	0.24608753621578217	0
340	34.512165523199656	-1.1239073005597788e-09	0.24474073946475983	0
341	34.61251552472095	-5.918339152088947e-10	0.24211937189102173	0
342	34.71291052624292	-1.6083179232850853e-09	0.2411624640226364	0
343	34.813260527764214	-1.3365376583251987e-09	0.23956935107707977	0
344	34.91365552928619	-1.1979990333088608e-09	0.23765583336353302	0
345	35.01400553080748	9.86350223719512e-10	0.23535488545894623	0
346	35.114400532329455	2.1111765668990756e-09	0.23238515853881836	0
347	35.21479553385143	1.3517744701374568e-09	0.2295617163181305	0
348	35.31514553537272	-1.0141167419708275e-11	0.22848430275917053	0
349	35.415540536894696	5.316692641699206e-10	0.22651579976081848	0
350	35.51589053841599	-5.139449976709898e-10	0.22561664879322052	0
351	35.61628553993796	-7.5109074515467e-10	0.2225203961133957	0
352	35.716635541459254	-1.4336895004518624e-09	0.22096098959445953	0
353	35.81703054298123	-2.377000152264941e-09	0.21847619116306305	0
354	35.91738054450252	-3.259169156777375e-09	0.2182539701461792	0
355	36.017775546024495	-1.726758180886634e-09	0.21626971662044525	0
356	36.11812554754579	-5.261271418532942e-10	0.2142992615699768	0
357	36.21852054906776	1.7773074123539345e-09	0.2117992788553238	0
358	36.318870550589054	4.256392127643949e-09	0.20749540627002716	0
359	36.41926555211103	2.32835484226257e-09	0.20463868975639343	0
360	36.519660553633	5.320496265781571e-10	0.20394378900527954	0
361	36.620010555154295	4.989921253972796e-10	0.2034616321325302	0
362	36.70362055642181	-3.879895960068325e-09	0.204433411359787	0
363	36.8039705579431	2.605268001332206e-09	0.19934040307998657	0
364	36.90436555946508	-5.153513726874337e-10	0.20345479249954224	0
365	37.00471556098637	-8.931112516208373e-10	0.20540785789489746	0
366	37.105110562508344	2.2691728496226915e-09	0.20565375685691833	0
367	37.205460564029636	7.233703080977705e-10	0.20766186714172363	0
368	37.30585556555161	-1.123222737042795e-09	0.21212106943130493	0
369	37.4062055670729	2.116310904298757e-09	0.21268849074840546	0
370	37.50660056859488	8.941405393869672e-10	0.21489217877388	0
371	37.60699557011685	-2.5647397539074746e-09	0.21856354176998138	0
372	37.70734557163814	7.523025535860484e-10	0.21865305304527283	0
373	37.80774057316012	6.850254252732668e-10	0.22048747539520264	0
374	37.90809057468141	2.2366848373422954e-09	0.2219734638929367	0
375	38.008485576203384	1.5808959696883562e-09	0.22304342687129974	0
376	38.108835577724676	1.4068772535846819e-10	0.22660435736179352	0
377	38.20923057924665	-9.192043237682412e-10	0.23060102760791779	0
378	38.30958058076794	-1.7406594221558436e-10	0.23091427981853485	0
379	38.40997558228992	-1.57672555567423e-10	0.2324916124343872	0
380	38.51032558381121	-2.448225400186743e-09	0.23473022878170013	0
381	38.61072058533318	-7.752047892495284e-10	0.23662970960140228	0
382	38.71111558685516	-2.531269194250285e-09	0.24131473898887634	0
383	38.81146558837645	2.7576196881540227e-09	0.2422272264957428	0
384	38.911860589898424	2.5477393528205994e-09	0.24140363931655884	0
385	39.012210591419716	-1.1697197654925162e-09	0.24370555579662323	0
386	39.11260559294169	-1.982884079154701e-09	0.2476741224527359	0
387	39.21295559446298	-2.5494888422628037e-09	0.2513259947299957	0
388	39.31335059598496	1.098463098259117e-09	0.25143423676490784	0
389	39.41370059750625	2.772771123815687e-09	0.250753253698349	0
390	39.514095599028224	-4.96610175204637e-09	0.2564547657966614	0
391	39.614445600549516	2.1475274891713525e-09	0.25745052099227905	0
392	39.71484060207149	5.27713761577786e-10	0.25729310512542725	0
393	39.815235603593464	-4.8638644223331085e-09	0.2628247141838074	0
394	39.91558560511476	2.0181696314125475e-09	0.2640414237976074	0
395	40.01598060663673	-1.7760284909407176e-10	0.26278793811798096	0
396	40.11633060815802	-4.550542609393915e-09	0.26894670724868774	0
397	40.21672560968	1.2411693894875953e-09	0.2703612744808197	0
398	40.31707561120129	2.290818867933808e-09	0.2698745131492615	0
399	40.417470612723264	1.2703040841444135e-09	0.27131736278533936	0
400	40.517820614244556	-2.4977913071211333e-09	0.2747949957847595	0
401	40.61821561576653	-4.503599271288294e-09	0.2786785364151001	0
402	40.71856561728782	-2.6356008486771998e-09	0.2806836664676666	0
403	40.8189606188098	1.208079303260945e-09	0.28298085927963257	0
404	40.91935562033177	5.388859136701285e-09	0.28067004680633545	0
405	41.01970562185306	-1.607055266639179e-09	0.28392326831817627	0
406	41.12010062337504	7.095958265423974e-10	0.2867358922958374	0
407	41.22045062489633	-2.0706585335261707e-09	0.2897646427154541	0
408	41.320845626418304	-2.948662425339421e-09	0.2937644124031067	0
409	41.421195627939596	9.745486639900491e-10	0.2943795621395111	0
410	41.52159062946157	2.1229671354205948e-09	0.2950659394264221	0
411	41.62194063098286	3.730280084823789e-09	0.29504504799842834	0
412	41.72233563250484	-2.178382807471735e-09	0.2989484667778015	0
413	41.82268563402613	-2.0656334420721123e-09	0.3034566640853882	0
414	41.923080635548104	2.8650251060469145e-09	0.3028777837753296	0
415	42.02347563707008	7.980647809269215e-10	0.3039364814758301	0
416	42.12382563859137	-3.572095730319802e-09	0.30955883860588074	0
417	42.224220640113344	3.883063648402185e-09	0.309099942445755	0
418	42.32457064163464	1.4450803886845165e-09	0.30951061844825745	0
419	42.42496564315661	-1.0533908190168972e-09	0.31301283836364746	0
420	42.5253156446779	-2.147938049645859e-09	0.3178359568119049	0
421	42.62571064619988	3.618037203168001e-09	0.31690001487731934	0
422	42.72606064772117	2.5408553039341086e-09	0.3172833025455475	0
423	42.826455649243144	-3.3769338436684393e-09	0.3218783736228943	0
424	42.926805650764436	5.010478143496755e-10	0.32526877522468567	0
425	43.02720065228641	2.843573598809712e-09	0.3224368989467621	0
426	43.127595653808385	-4.155961796925567e-09	0.32952049374580383	0
427	43.22794565532968	1.2672984883721483e-09	0.3306378722190857	0
428	43.32834065685165	4.255575891676244e-09	0.328513503074646	0
429	43.42869065837294	-4.754896476555359e-09	0.3337900638580322	0
430	43.52908565989492	-6.103622607334103e-10	0.33767470717430115	0
431	43.62943566141621	4.485566584833123e-09	0.3349032998085022	0
432	43.729830662938184	-4.803921704876757e-09	0.3404490053653717	0
433	43.830180664459476	1.1138809874466915e-09	0.34323620796203613	0
434	43.93057566598145	2.7367721422422164e-09	0.34156668186187744	0
435	44.03092566750274	-4.5349166089003745e-10	0.34482088685035706	0
436	44.13132066902472	-2.6874398262322075e-09	0.3476580083370209	0
437	44.23171567054669	-9.543483781015993e-10	0.35108840465545654	0
438	44.33206567206798	3.3996896409149713e-09	0.34956929087638855	0
439	44.43246067358996	-2.4730000269812535e-09	0.35277795791625977	0
440	44.53281067511125	-3.4841567408960827e-09	0.3577592074871063	0
441	44.633205676633224	5.166075900397971e-10	0.3583337366580963	0
442	44.73355567815452	-3.745688655076851e-12	0.3599517047405243	0
443	44.83395067967649	2.576721724878439e-09	0.36047089099884033	0
444	44.93430068119778	2.3578201613361216e-09	0.3611408472061157	0
445	45.03469568271976	-4.845988499369014e-09	0.3664562702178955	0
446	45.13504568424105	-2.1777082359619726e-09	0.36993637681007385	0
447	45.235440685763024	3.025151684710181e-09	0.3691859543323517	0
448	45.335835687285	3.3196163595761163e-09	0.36903682351112366	0
449	45.43618568880629	-9.955166691000272e-10	0.372435063123703	0
450	45.536580690328265	-4.4193142478832215e-09	0.37785932421684265	0
451	45.63693069184956	-3.0144445273272424e-10	0.3792865574359894	0
452	45.73732569337153	4.831193667342859e-09	0.378645122051239	0
453	45.83767569489282	1.6847618855564406e-09	0.3791844844818115	0
454	45.9380706964148	-4.239562034769051e-09	0.3851453959941864	0
455	46.03842069793609	3.1609215245254063e-09	0.3862529695034027	0
456	46.138815699458064	2.1699781971307175e-09	0.38524508476257324	0
457	46.239165700979356	-4.5050119190648275e-09	0.39128467440605164	0
458	46.33956070250133	1.765668722342184e-09	0.39279910922050476	0
459	46.439955704023305	2.7735136409745564e-09	0.3916696608066559	0
460	46.5403057055446	-3.4607061660807403e-09	0.39627891778945923	0
461	46.64070070706657	1.3226399975252434e-09	0.3987734615802765	0
462	46.74105070858786	3.454051933360347e-09	0.3974780738353729	0
463	46.84144571010984	-3.5355385286095498e-09	0.4035241901874542	0
464	46.94179571163113	5.298109062579215e-09	0.4022791385650635	0
465	47.042190713153104	-1.1456632309503334e-09	0.40460240840911865	0
466	47.142540714674396	-1.5898482530474212e-09	0.41022270917892456	0
467	47.24293571619637	4.028052114080083e-09	0.4069889485836029	0
468	47.34328571771766	-4.199242287228344e-09	0.4127378463745117	0
469	47.44368071923964	2.3963842021856863e-10	0.4152800142765045	0
470	47.54407572076161	3.619330390947084e-09	0.4140360951423645	0
471	47.644425722282904	-8.68975391643545e-10	0.4159802496433258	0
472	47.74482072380488	-3.684559102268281e-09	0.42188340425491333	0
473	47.84517072532617	2.9055553518730903e-09	0.4225475788116455	0
474	47.945565726848145	3.80349440831651e-09	0.42177996039390564	0
475	48.04591572836944	-1.7893884984854225e-10	0.4243539571762085	0
476	48.14631072989141	-4.537145770200368e-09	0.42866161465644836	0
477	48.2466607314127	-8.580117172307666e-10	0.43100470304489136	0
478	48.34705573293468	2.630731188446589e-09	0.4321037828922272	0
479	48.44740573445597	6.139602160004642e-10	0.431500107049942	0
480	48.547800735977944	-4.28360635851277e-09	0.4380767047405243	0
481	48.64819573749992	1.5103793771231722e-09	0.4382438361644745	0
482	48.74854573902121	1.5337047187813369e-09	0.4380245804786682	0
483	48.848940740543185	-2.6113704532093607e-09	0.4420379400253296	0
484	48.94929074206448	-2.002819465829475e-09	0.44614681601524353	0
485	49.04968574358645	2.643206320485092e-09	0.4446064233779907	0
486	49.15003574510774	-1.882217492976679e-09	0.4469299018383026	0
487	49.25043074662972	-3.1180693582655294e-09	0.45168083906173706	0
488	49.35078074815101	2.6787412288342694e-09	0.4521869421005249	0
489	49.451175749672984	1.4011435345295808e-09	0.4512980878353119	0
490	49.551525751194276	-4.698782252177125e-09	0.45860666036605835	0
491	49.65192075271625	1.2137846283621911e-09	0.45839381217956543	0
492	49.752315754238225	3.1405489320235347e-09	0.4573610723018646	0
493	49.85266575575952	-4.717055634984035e-09	0.46236762404441833	0
494	49.95306075728149	-1.967746410258542e-09	0.4657606780529022	0
495	50.053410758802784	2.138543342411481e-09	0.4671905040740967	0
496	50.15380576032476	1.453327347356037e-09	0.4671313762664795	0
497	50.25415576184605	6.540086250339527e-10	0.46731868386268616	0
498	50.354550763368024	-3.9853378375198645e-09	0.473788857460022	0
499	50.45490076488932	1.88264404066274e-09	0.47566187381744385	0
500	50.55529576641129	4.24104618090837e-09	0.4739055037498474	0
501	50.65564576793258	1.0333270905604763e-09	0.47636690735816956	0
502	50.75604076945456	-1.9027830422402303e-09	0.4798509478569031	0
503	50.85643577097653	-2.0723418536761073e-09	0.4830566942691803	0
504	50.956785772497824	-2.569817691977505e-09	0.48523110151290894	0
505	51.0571807740198	3.9824341047101086e-10	0.4879341423511505	0
506	51.15753077554109	2.1379340520155665e-09	0.48791608214378357	0
507	51.257925777063065	3.1006883727258128e-09	0.488761305809021	0
508	51.35827577858436	-9.555440882991206e-10	0.49199947714805603	0
509	51.45867078010633	-1.7113159778148201e-09	0.4943788945674896	0
510	51.55902078162762	-1.0188910826158804e-09	0.496959388256073	0
511	51.6594157831496	-3.991688576898689e-11	0.4992467164993286	0
512	51.75976578467089	2.5854893226373576e-10	0.5011637806892395	0
513	51.860160786192864	3.407933268917418e-09	0.5013382434844971	0
514	51.96055578771484	1.5561733013313983e-09	0.5031571984291077	0
515	52.06090578923613	1.3454920511080104e-09	0.5048951506614685	0
516	52.161300790758105	1.27988897258291e-09	0.5071386694908142	0
517	52.2616507922794	-2.1756523249649717e-09	0.5100697875022888	0
518	52.36204579380137	-4.7029775629425785e-09	0.5142974853515625	0
519	52.462395795322664	-1.6442106565150993e-09	0.516198456287384	0
520	52.56279079684464	2.2821047274135253e-09	0.5163172483444214	0
521	52.66314079836593	4.479856485772871e-09	0.5155567526817322	0
522	52.763535799887904	-1.7491986747941723e-09	0.5186861157417297	0
523	52.8638858014092	-5.1843134230011856e-09	0.5248038172721863	0
524	52.96428080293117	2.6413806697433984e-09	0.524691641330719	0
525	53.06463080445246	3.0639981662972104e-09	0.5230553150177002	0
526	53.16502580597444	-5.284072290834274e-09	0.5293359160423279	0
527	53.26542080749641	-8.413091334702472e-10	0.5324884057044983	0
528	53.365770809017704	3.0980316090278848e-09	0.5306998491287231	0
529	53.46616581053968	-5.829010607527607e-10	0.5332560539245605	0
530	53.56651581206097	-2.18067741641903e-09	0.5364078283309937	0
531	53.666910813582945	-1.8166723680934638e-09	0.5384206771850586	0
532	53.76726081510424	-1.7512602479285988e-09	0.5409387946128845	0
533	53.86765581662621	-2.896531625662391e-10	0.5437110662460327	0
534	53.9680058181475	3.1231570662981767e-09	0.5426958203315735	0
535	54.06840081966948	-2.437831880808261e-10	0.5447835922241211	0
536	54.16875082119077	-1.839960850347211e-09	0.548141598701477	0
537	54.269145822712744	-1.4279571969311178e-09	0.5505388975143433	0
538	54.36954082423472	-2.6604793021411943e-11	0.5529733896255493	0
539	54.46989082575601	1.3733757187051054e-10	0.5549196004867554	0
540	54.570285827277985	3.2833549767907755e-10	0.5564791560173035	0
541	54.67063582879928	-8.379113514145331e-10	0.5588670372962952	0
542	54.77103083032125	1.1828242829636793e-09	0.5606375932693481	0
543	54.871380831842544	7.934169987677819e-10	0.5618980526924133	0
544	54.97177583336452	-3.833707795664054e-10	0.5640923380851746	0
545	55.07212583488581	3.6048048990267034e-09	0.5654264092445374	0
546	55.172520836407784	-4.640044459769399e-10	0.5685576796531677	0
547	55.27287083792908	-8.490860792242927e-11	0.5702531933784485	0
548	55.37326583945105	2.093452300400145e-09	0.5716511011123657	0
549	55.473660840973025	-1.432193114103697e-10	0.5739381909370422	0
550	55.57401084249432	7.049448802476377e-10	0.576153576374054	0
551	55.67440584401629	1.1293472823581396e-09	0.578002393245697	0
552	55.774755845537584	-5.941181435709098e-10	0.5806370973587036	0
553	55.87515084705956	7.608901009259483e-11	0.5816221237182617	0
554	55.97550084858085	3.438233031616278e-10	0.5840227007865906	0
555	56.075895850102825	1.4972956208225696e-09	0.5856733918190002	0
556	56.17624585162412	-1.4228779265934577e-09	0.5883187651634216	0
557	56.27664085314609	-5.734683838909405e-10	0.5912405848503113	0
558	56.37699085466738	2.563409762235125e-10	0.5920884013175964	0
559	56.47738585618936	-1.2039852448353372e-10	0.5941291451454163	0
560	56.57778085771133	-5.3837663493983e-11	0.5963332653045654	0
561	56.678130859232624	1.2743792687786026e-09	0.5980138778686523	0
562	56.7785258607546	1.3709440249698446e-09	0.6011905670166016	0
563	56.87887586227589	1.952157990814385e-09	0.6019219160079956	0
564	56.979270863797865	-5.082008702750329e-10	0.6061148643493652	0
565	57.07962086531916	1.1785979969758387e-09	0.6061134338378906	0
566	57.18001586684113	6.189970203074324e-10	0.60695481300354	0
567	57.28036586836242	2.4887941707518735e-10	0.6109551787376404	0
568	57.3807608698844	1.0964852359407473e-09	0.6119891405105591	0
569	57.48115587140637	-1.9806023487944913e-09	0.6147967576980591	0
570	57.581505872927664	-8.880100543784408e-10	0.6166319847106934	0
571	57.68190087444964	-3.5525025143812172e-09	0.619811475276947	0
572	57.78225087597093	-1.0402093630901277e-09	0.6208115816116333	0
573	57.882645877492905	-7.793886092066771e-10	0.6231650114059448	0
574	57.9829958790142	-8.389772210293245e-10	0.625360369682312	0
575	58.08339088053617	1.7712977751216386e-09	0.6266916394233704	0
576	58.183740882057464	1.8552345215638866e-09	0.6271799206733704	0
577	58.28413588357944	-6.477883784938854e-10	0.629571259021759	0
578	58.38448588510073	-4.011791343572213e-09	0.6333428621292114	0
579	58.484880886622705	-1.7746060176904166e-09	0.6369115710258484	0
580	58.585230888144	4.037572054471639e-09	0.6360953450202942	0
581	58.68562588966597	2.119924458199307e-09	0.6368968486785889	0
582	58.786020891187945	-1.6185637552457166e-10	0.6392512917518616	0
583	58.88637089270924	-1.7143334529734489e-09	0.6425737142562866	0
584	58.98676589423121	-1.290879958482094e-09	0.6451188921928406	0
585	59.087115895752504	-2.374600516219516e-09	0.6484121680259705	0
586	59.18751089727448	-2.0087478347363685e-09	0.6504247188568115	0
587	59.28786089879577	1.7506975868997188e-09	0.6510584950447083	0
588	59.388255900317745	3.776337909044969e-09	0.651736319065094	0
589	59.48860590183904	1.3975702817248248e-09	0.6531797051429749	0
590	59.58900090336101	-9.946652390624422e-10	0.6561194062232971	0
591	59.6893509048823	-1.645657277116186e-09	0.6587322950363159	0
592	59.78974590640428	-2.1725254928384174e-09	0.6620481014251709	0
593	59.89014090792625	4.0508954524121066e-10	0.6616328954696655	0
594	59.990490909447544	-8.9927854052263e-10	0.6671507954597473	0
595	60.09088591096952	2.489774386660315e-09	0.666925847530365	0
596	60.19123591249081	3.7174128220129887e-09	0.6671731472015381	0
597	60.291630914012785	3.394656430955045e-11	0.6696785092353821	0
598	60.39198091553408	-3.5509295503999283e-09	0.6733636260032654	0
599	60.49237591705605	-1.961636825198454e-10	0.6753992438316345	0
600	60.592725918577344	3.6247707613235036e-10	0.6769905686378479	0
601	60.69312092009932	1.013569561614247e-09	0.679617166519165	0
602	60.79347092162061	1.7611281322160721e-09	0.6809192895889282	0
603	60.893865923142585	2.4106618923269707e-09	0.6820295453071594	0
604	60.99426092466456	1.1459305726546631e-09	0.6830968856811523	0
605	61.09461092618585	-1.1685016287898975e-09	0.6870319247245789	0
606	61.195005927707825	-3.088987676758137e-10	0.6890401840209961	0
607	61.29535592922912	-2.818940636473144e-09	0.6927829384803772	0
608	61.39575093075109	2.1674158301454582e-10	0.6942702531814575	0
609	61.496100932272384	3.708352069864418e-09	0.6942273378372192	0
610	61.59649593379436	2.692195355535887e-09	0.6949781775474548	0
611	61.69684593531565	1.641059066415096e-09	0.697880744934082	0
612	61.797240936837625	1.8304278925906914e-10	0.6994432210922241	0
613	61.89759093835892	8.099388937310437e-10	0.7021201848983765	0
614	61.99798593988089	-2.1653749904260167e-09	0.7050471305847168	0
615	62.098380941402866	-2.225013506773621e-09	0.7081178426742554	0
616	62.19873094292416	-2.209153082688431e-09	0.7108334898948669	0
617	62.29912594444613	-7.225646747599512e-10	0.7113373279571533	0
618	62.399475945967424	1.1244640774066283e-09	0.7124043703079224	0
619	62.4998709474894	-9.834070224812308e-10	0.7158610224723816	0
620	62.60022094901069	-2.4683661364877096e-11	0.717803418636322	0
621	62.700615950532665	-1.3807941456889239e-09	0.7195309996604919	0
622	62.80096595205396	3.225943068230208e-09	0.7205004692077637	0
623	62.90136095357593	2.3948623639746813e-10	0.7232809662818909	0
624	63.001710955097224	-3.4620766253823376e-09	0.7262359261512756	0
625	63.1021059566192	-1.1855998405252421e-09	0.726272463798523	0
626	63.20250095814117	-7.354205022735982e-10	0.7287522554397583	0
627	63.302850959662464	5.427713278827184e-10	0.731219470500946	0
628	63.40324596118444	-8.008401719550307e-10	0.7333914041519165	0
629	63.50359596270573	-1.962085827145188e-09	0.7355456352233887	0
630	63.603990964227705	-9.506970766182121e-10	0.7375709414482117	0
631	63.704340965749	3.301184603454743e-10	0.7397000193595886	0
632	63.80473596727097	4.541544917913143e-10	0.7407233119010925	0
633	63.905085968792264	-3.263052272828304e-09	0.7435595393180847	0
634	64.00548097031424	3.060470488147615e-10	0.7454734444618225	0
635	64.10583097183553	-1.958413431424333e-10	0.7479192614555359	0
636	64.2062259733575	-1.3989746028286731e-09	0.7480935454368591	0
637	64.30662097487948	1.0156234742098036e-09	0.7494729161262512	0
638	64.40697097640077	3.590719499513284e-09	0.7511405348777771	0
639	64.50736597792275	6.323144674524883e-09	0.7518839836120605	0
640	64.60771597944404	2.8801433460401427e-10	0.7595335245132446	0
641	64.70811098096601	-5.336841524261615e-10	0.7597615122795105	0
642	64.8084609824873	1.581976105669014e-09	0.7604873776435852	0
643	64.90885598400928	-1.3584065816640845e-10	0.7637463808059692	0
644	65.00920598553057	-1.3816874311345373e-09	0.7650440335273743	0
645	65.10960098705254	4.5750145338807613e-10	0.7672500014305115	0
646	65.20995098857384	1.7016645870171487e-09	0.768104076385498	0
647	65.31034599009581	-9.903293740620711e-10	0.7705530524253845	0
648	65.41074099161779	-2.0270045641979095e-09	0.7736481428146362	0
649	65.51109099313908	-2.565858414627087e-09	0.7777191400527954	0
650	65.61148599466105	3.1897657848389827e-09	0.7767074108123779	0
651	65.71183599618234	1.7951619080136538e-09	0.7773858904838562	0
652	65.81223099770432	-9.875147366500414e-10	0.7809557318687439	0
653	65.91258099922561	-1.5393688546083695e-09	0.784275233745575	0
654	66.01297600074759	2.3279217442606637e-10	0.7864352464675903	0
655	66.11332600226888	9.597019845486443e-10	0.7876943349838257	0
656	66.21372100379085	2.3463071485707587e-09	0.7889899611473083	0
657	66.31407100531214	3.929989222939412e-09	0.7888128757476807	0
658	66.41446600683412	6.077386927039186e-10	0.7926950454711914	0
659	66.51486100835609	-4.5540854420877963e-10	0.7941364645957947	0
660	66.61521100987738	-3.18965565071494e-09	0.7976527214050293	0
661	66.71560601139936	-3.094411837878397e-09	0.8005315661430359	0
662	66.81595601292065	-7.167762494653118e-10	0.8032359480857849	0
663	66.91635101444263	-1.7265829044266212e-10	0.8029490113258362	0
664	67.01670101596392	1.0563968588783723e-09	0.8033459186553955	0
665	67.11709601748589	2.4613242555204806e-09	0.805846095085144	0
666	67.21744601900718	1.3581309410426456e-09	0.8089200854301453	0
667	67.31784102052916	-1.8855683681096025e-10	0.8113044500350952	0
668	67.41819102205045	2.0573041048521645e-09	0.8117544054985046	0
669	67.51858602357242	-1.4072664145103886e-09	0.8155515789985657	0
670	67.6189810250944	-3.647337709633547e-10	0.8178998231887817	0
671	67.71933102661569	-1.1204587258006882e-09	0.819998562335968	0
672	67.81972602813767	-1.2367945556590598e-09	0.8224220871925354	0
673	67.92007602965896	4.1843820075548877e-10	0.822391152381897	0
674	68.02047103118093	-6.668057772607483e-10	0.8257613778114319	0
675	68.12082103270222	1.6506934708004906e-11	0.8271986842155457	0
676	68.2212160342242	-1.551113681941274e-09	0.8294155597686768	0
677	68.32156603574549	-6.162743093618417e-10	0.8321555852890015	0
678	68.42196103726747	-9.56554502273832e-10	0.8342862725257874	0
679	68.52231103878876	-1.3382890351465448e-09	0.8352633118629456	0
680	68.62270604031073	1.8599949358488743e-09	0.8367100954055786	0
681	68.7231010418327	2.616985794734461e-10	0.8393123149871826	0
682	68.823451043354	-6.2198468597785e-10	0.8418250679969788	0
683	68.92384604487597	6.267561469819327e-10	0.8441836833953857	0
684	69.02419604639726	1.000054816735485e-09	0.8454731106758118	0
685	69.12459104791924	3.114457136632609e-09	0.8464946150779724	0
686	69.22494104944053	1.8077246366487998e-09	0.8471518158912659	0
687	69.3253360509625	-2.283358835342142e-09	0.8509588837623596	0
688	69.4256860524838	-2.4317798885675757e-09	0.8546695113182068	0
689	69.52608105400577	-2.4874533544050337e-09	0.8580219745635986	0
690	69.62643105552706	5.268585567819173e-10	0.8582374453544617	0
691	69.72682605704904	-5.239471634332915e-10	0.8595219850540161	0
692	69.82722105857101	2.141756327844746e-09	0.8605005741119385	0
693	69.9275710600923	1.3210518234885171e-09	0.863919734954834	0
694	70.02796606161428	2.0981685278087525e-09	0.8648584485054016	0
695	70.12831606313557	2.4650983476703914e-09	0.8662468194961548	0
696	70.22871106465755	2.8223740011767973e-10	0.8693234324455261	0
697	70.32906106617884	8.375007354288755e-10	0.8703101277351379	0
698	70.42945606770081	-1.9145738328063544e-09	0.8742955327033997	0
699	70.5298060692221	-1.5341152792558432e-09	0.8772156238555908	0
700	70.63020107074408	3.0543623186218838e-09	0.8778733611106873	0
701	70.73055107226537	2.4350998995004147e-09	0.8784046173095703	0
702	70.83094607378735	8.078777091746758e-10	0.8802674412727356	0
703	70.93134107530932	-1.5270756881236025e-09	0.8833165764808655	0
704	71.03169107683061	-9.435144887603997e-10	0.8871161937713623	0
705	71.13208607835259	2.160469581014013e-09	0.8879132866859436	0
706	71.23243607987388	2.8981701483132838e-09	0.889015257358551	0
707	71.33283108139585	3.0112305982044063e-09	0.8886101841926575	0
708	71.43318108291714	-3.6461014207844755e-09	0.8940137624740601	0
709	71.53357608443912	-2.041001367913964e-09	0.8966933488845825	0
710	71.63392608596041	-1.2596386156360495e-09	0.8990873694419861	0
711	71.73432108748239	-9.656828670046025e-10	0.9012078642845154	0
712	71.83467108900368	2.4261919140400323e-09	0.9023192524909973	0
713	71.93506609052565	1.6937830027430323e-09	0.9033198952674866	0
714	72.03546109204763	1.0490177615452012e-09	0.9050697684288025	0
715	72.13581109356892	-9.352154606290242e-10	0.9074706435203552	0
716	72.23620609509089	-6.813876546329922e-11	0.9088872075080872	0
717	72.33655609661218	6.461664536772105e-10	0.910134494304657	0
718	72.43695109813416	-1.990871467683064e-09	0.9131898283958435	0
719	72.53730109965545	-3.0506279724562546e-09	0.9166028499603271	0
720	72.63769610117743	-2.166896440058963e-09	0.9195870757102966	0
721	72.73804610269872	1.4520850077914815e-09	0.9201495051383972	0
722	72.83844110422069	8.953574548442589e-10	0.9213243722915649	0
723	72.93879110574198	6.800476848312087e-10	0.9229781627655029	0
724	73.03918610726396	-1.0230393199250898e-09	0.9250497817993164	0
725	73.13958110878593	-2.2864015125634296e-09	0.9284312725067139	0
726	73.23993111030723	-2.557331235664151e-09	0.9312987923622131	0
727	73.3403261118292	-1.4005722137611087e-09	0.9332020282745361	0
