	t	I	Ewe	Cycle
0	0.5186700078629656	-3.4531858261743764e-08	-0.1102982759475708	0
1	0.6190650093849399	-1.576380981305192e-08	-0.10848936438560486	0
2	0.719415010906232	1.2559355777597148e-09	-0.10647648572921753	0
3	0.8198100124282064	1.8438129245623713e-08	-0.10446271300315857	0
4	0.9201600139494985	3.4749575661408016e-08	-0.10247247666120529	0
5	1.0205550154714729	5.097039235124612e-08	-0.10047216713428497	0
6	1.120905016992765	6.68711592766158e-08	-0.09848114848136902	0
7	1.2213000185147393	8.338255952367035e-08	-0.09647448360919952	0
8	1.3216500200360315	9.915851251207641e-08	-0.09445808082818985	0
9	1.7231850261232466	-3.107258237378119e-07	-0.08866126835346222	0
10	1.8235350276445388	1.2365782708911865e-07	-0.08389371633529663	0
11	1.9239300291665131	1.1939468436139578e-07	-0.08255217224359512	0
12	2.0242800306878053	1.352079976868481e-07	-0.08053972572088242	0
13	2.1246750322097796	1.5219494287066482e-07	-0.07853347808122635	0
14	2.2250250337310717	1.6812434466828563e-07	-0.07652448117733002	0
15	2.325420035253046	1.8345176044931577e-07	-0.07451874017715454	0
16	2.4257700367743382	1.9951070839852036e-07	-0.0725075826048851	0
17	2.5261650382963126	2.155365024236744e-07	-0.07049612700939178	0
18	2.626560039818287	2.315918123940719e-07	-0.06849486380815506	0
19	2.726910041339579	2.4758509198363754e-07	-0.0664939284324646	0
20	2.8273050428615534	2.631150834986329e-07	-0.06448204815387726	0
21	2.9276550443828455	2.806212933137431e-07	-0.06247730553150177	0
22	3.02805004590482	2.973427797314798e-07	-0.06046067178249359	0
23	3.128400047426112	3.130638503989758e-07	-0.05845417082309723	0
24	3.2287950489480863	3.2943165706456057e-07	-0.05644545704126358	0
25	3.3291450504693785	3.4620813949004514e-07	-0.05443994700908661	0
26	3.429540051991353	3.631378149293596e-07	-0.05244175344705582	0
27	3.529890053512645	3.789859022163e-07	-0.05043353885412216	0
28	3.6302850550346193	3.9535692053505045e-07	-0.04842318594455719	0
29	3.7306800565565936	4.1243595205742167e-07	-0.046429384499788284	0
30	3.8310300580778858	4.276522247437242e-07	-0.04441056028008461	0
31	3.93142505959986	4.4641052454608143e-07	-0.042387183755636215	0
32	4.031775061121152	4.623276197435189e-07	-0.040370214730501175	0
33	4.132170062643127	4.786881504514895e-07	-0.03836457431316376	0
34	4.232520064164419	4.96092752655386e-07	-0.03635537251830101	0
35	4.332915065686393	5.118911872159515e-07	-0.034352857619524	0
36	4.433265067207685	5.289977025313419e-07	-0.03233662620186806	0
37	4.5336600687296595	5.456031431094743e-07	-0.03033606894314289	0
38	4.634010070250952	5.620991601062997e-07	-0.02833748795092106	0
39	4.734405071772926	5.787189820694039e-07	-0.026322433724999428	0
40	4.834755073294218	5.951259822722932e-07	-0.024317575618624687	0
41	4.9351500748161925	6.102144425312872e-07	-0.022317495197057724	0
42	5.035545076338167	6.275533337429806e-07	-0.02029499225318432	0
43	5.135895077859459	6.444925588766637e-07	-0.018284516409039497	0
44	5.236290079381433	6.606911711060093e-07	-0.016278548166155815	0
45	5.3366400809027255	6.758691029062902e-07	-0.01427084393799305	0
46	5.4370350824247	6.927903655196133e-07	-0.01227018516510725	0
47	5.537385083945992	7.08766776824632e-07	-0.010254906490445137	0
48	5.637780085467966	7.238102170958882e-07	-0.008258741348981857	0
49	5.738130086989258	7.397798640340625e-07	-0.006242946721613407	0
50	5.838525088511233	7.561734491901007e-07	-0.004247228614985943	0
51	5.938875090032525	7.719218046986498e-07	-0.0022392133250832558	0
52	6.039270091554499	7.863856694712013e-07	-0.00027592337573878467	0
53	6.139665093076474	8.010709962036344e-07	0.001743087312206626	0
54	6.240015094597766	8.165393978742941e-07	0.0037540807388722897	0
55	6.34041009611974	8.322897997459222e-07	0.005763025488704443	0
56	6.440760097641032	8.470912007396691e-07	0.007781467400491238	0
57	6.641505100684299	9.410697430212167e-07	0.012179836630821228	0
58	6.741900102206273	9.459319016968948e-07	0.013895508833229542	0
59	6.842250103727565	9.612879239284666e-07	0.01589430868625641	0
60	6.9426451052495395	9.740548421177664e-07	0.017908325418829918	0
61	7.042995106770832	9.881606501949136e-07	0.01990818791091442	0
62	7.143390108292806	1.001647660814342e-06	0.02193298749625683	0
63	7.24378510981478	1.0134890544577502e-06	0.023940559476614	0
64	7.344135111336072	1.0271800192640512e-06	0.02593919076025486	0
65	7.444530112858047	1.0396543075330555e-06	0.027949538081884384	0
66	7.544880114379339	1.0513723509575357e-06	0.02996109239757061	0
67	7.645275115901313	1.064353455149103e-06	0.03197119012475014	0
68	7.745625117422605	1.0743705161075923e-06	0.033972229808568954	0
69	7.84602011894458	1.084826863007038e-06	0.03597201779484749	0
70	7.946370120465872	1.095908260140277e-06	0.03797616809606552	0
71	8.046765121987846	1.104951820707356e-06	0.039988256990909576	0
72	8.147115123509138	1.1142871017000289e-06	0.04201377183198929	0
73	8.247510125031113	1.1239270634177956e-06	0.044029977172613144	0
74	8.347905126553087	1.1321611737002968e-06	0.04604021832346916	0
75	8.44825512807438	1.1406086741772015e-06	0.04805567488074303	0
76	8.548650129596354	1.1482892432468361e-06	0.05005741864442825	0
77	8.649000131117646	1.1556217032193672e-06	0.05205988883972168	0
78	8.74939513263962	1.1618445796557353e-06	0.054076943546533585	0
79	8.849745134160912	1.168050857813796e-06	0.05607397109270096	0
80	8.950140135682886	1.1734334748325637e-06	0.058082837611436844	0
81	9.050490137204179	1.1788736173912184e-06	0.060088399797677994	0
82	9.150885138726153	1.1836842759294086e-06	0.06209585815668106	0
83	9.251235140247445	1.189048589367303e-06	0.06411290913820267	0
84	9.35163014176942	1.1939164323848672e-06	0.0661209374666214	0
85	9.452025143291394	1.1980798717559082e-06	0.06812570244073868	0
86	9.552375144812686	1.2005476719423314e-06	0.0701342448592186	0
87	9.65277014633466	1.203861870635592e-06	0.0721474215388298	0
88	9.753120147855952	1.2079544831067324e-06	0.07413845509290695	0
89	9.853515149377927	1.211093490383064e-06	0.07615043967962265	0
90	9.953865150899219	1.2141646266172756e-06	0.07816817611455917	0
91	10.054260152421193	1.2169290357633145e-06	0.08016756922006607	0
92	10.154610153942485	1.2202198149680044e-06	0.0821743756532669	0
93	10.25500515546446	1.222446826432133e-06	0.08416353911161423	0
94	10.355355156985752	1.2251388170625432e-06	0.08616713434457779	0
95	10.455750158507726	1.228652649842843e-06	0.08818230777978897	0
96	10.556100160029018	1.231443548022071e-06	0.0901917815208435	0
97	10.656495161550993	1.2346559969955706e-06	0.09220032393932343	0
98	10.756890163072967	1.2380413636492449e-06	0.09419865161180496	0
99	10.85724016459426	1.240057940776751e-06	0.09620419889688492	0
100	10.957635166116233	1.2441774970284314e-06	0.09822174161672592	0
101	11.057985167637526	1.246755346073769e-06	0.10023234784603119	0
102	11.1583801691595	1.2503362540883245e-06	0.10223448276519775	0
103	11.258730170680792	1.2539948102130438e-06	0.10423634946346283	0
104	11.359125172202766	1.2583902844198747e-06	0.1062457263469696	0
105	11.459475173724059	1.2618704658962088e-06	0.10825345665216446	0
106	11.559870175246033	1.2662464996537892e-06	0.11027155816555023	0
107	11.660220176767325	1.2693827784460154e-06	0.11227912455797195	0
108	11.7606151782893	1.2730597518384457e-06	0.11429019272327423	0
109	11.861010179811274	1.277867454518855e-06	0.11629001796245575	0
110	11.961360181332566	1.2822279131796677e-06	0.1183016300201416	0
111	12.06175518285454	1.2868048315795022e-06	0.12032154202461243	0
112	12.162105184375832	1.291309786211059e-06	0.12232503294944763	0
113	12.262500185897807	1.2968658893441898e-06	0.12432811409235	0
114	12.362850187419099	1.2996247278351802e-06	0.12633424997329712	0
115	12.463245188941073	1.3052699614490848e-06	0.12837032973766327	0
116	12.563595190462365	1.309785375269712e-06	0.13038578629493713	0
117	12.66399019198434	1.3140902410668787e-06	0.13238902390003204	0
118	12.764340193505632	1.318695808549819e-06	0.1343955397605896	0
119	12.864735195027606	1.3230975355327246e-06	0.13640594482421875	0
120	12.96513019654958	1.3281339761306299e-06	0.13840481638908386	0
121	13.065480198070873	1.333598447672557e-06	0.14042119681835175	0
122	13.165875199592847	1.3385448482949869e-06	0.1424352377653122	0
123	13.266225201114139	1.3441544979286846e-06	0.1444334238767624	0
124	13.366620202636113	1.3485602039509104e-06	0.14643537998199463	0
125	13.466970204157406	1.353611196464044e-06	0.14843866229057312	0
126	13.56736520567938	1.3601222690340364e-06	0.1504584699869156	0
127	13.667715207200672	1.3655517250299454e-06	0.1524636596441269	0
128	13.768110208722646	1.3715623481402872e-06	0.15445956587791443	0
129	13.868460210243938	1.3781392453893204e-06	0.1564769297838211	0
130	13.968855211765913	1.3844687600794714e-06	0.1584865003824234	0
131	14.069250213287887	1.389995986755821e-06	0.1604866087436676	0
132	14.16960021480918	1.3952070503364666e-06	0.162492573261261	0
133	14.269995216331154	1.4027838233232615e-06	0.16449229419231415	0
134	14.370345217852446	1.409531250828877e-06	0.16649788618087769	0
135	14.47074021937442	1.415257997905428e-06	0.1685076504945755	0
136	14.571090220895712	1.4233593219614704e-06	0.17049981653690338	0
137	14.671485222417687	1.428874270459346e-06	0.17249943315982819	0
138	14.771835223938979	1.437168066331651e-06	0.17451055347919464	0
139	14.872230225460953	1.4451516108238138e-06	0.17651978135108948	0
140	14.972580226982245	1.4531001397699583e-06	0.17853616178035736	0
141	15.07297522850422	1.460484668314166e-06	0.18054039776325226	0
142	15.173370230026194	1.4687798284285236e-06	0.18254879117012024	0
143	15.273720231547486	1.4766110325581394e-06	0.18456195294857025	0
144	15.37411523306946	1.486434825892502e-06	0.1865532547235489	0
145	15.474465234590753	1.4950159084037296e-06	0.18857282400131226	0
146	15.574860236112727	1.5040370726637775e-06	0.190581277012825	0
147	15.675210237634019	1.513002871433855e-06	0.19259348511695862	0
148	15.775605239155993	1.5227685707941419e-06	0.1946009397506714	0
149	15.875955240677285	1.5322932540584588e-06	0.19660907983779907	0
150	15.97635024219926	1.5419376495628967e-06	0.19862888753414154	0
151	16.076700243720552	1.552702883600432e-06	0.20062541961669922	0
152	16.177095245242526	1.5614701851518475e-06	0.2026240974664688	0
153	16.2774902467645	1.572531800775323e-06	0.20463769137859344	0
154	16.377840248285793	1.5832977169338847e-06	0.2066480666399002	0
155	16.478235249807767	1.5945315681165084e-06	0.20865057408809662	0
156	16.57858525132906	1.6054831348810694e-06	0.21065180003643036	0
157	16.678980252851034	1.6172783716683625e-06	0.21266710758209229	0
158	16.779330254372326	1.6301619325531647e-06	0.21470947563648224	0
159	16.8797252558943	1.6411537444582791e-06	0.21671874821186066	0
160	16.980075257415592	1.652695459597453e-06	0.21872754395008087	0
161	17.080470258937567	1.6663369706293452e-06	0.22073835134506226	0
162	17.18082026045886	1.6776127722550882e-06	0.22273965179920197	0
163	17.281215261980833	1.6906080873013707e-06	0.22474095225334167	0
164	17.381565263502125	1.7029947230184916e-06	0.22674721479415894	0
165	17.4819602650241	1.715691951176268e-06	0.2287573218345642	0
166	17.582355266546074	1.7282826547670993e-06	0.2307644784450531	0
167	17.682705268067366	1.7419881714886287e-06	0.23277781903743744	0
168	17.78310026958934	1.7558343188284198e-06	0.23479066789150238	0
169	17.883450271110632	1.769198547663109e-06	0.23680923879146576	0
170	17.983845272632607	1.7826768043960328e-06	0.23880524933338165	0
171	18.0841952741539	1.7967518033401575e-06	0.2408118098974228	0
172	18.184590275675873	1.810799062695878e-06	0.24282212555408478	0
173	18.284940277197165	1.8245503952130093e-06	0.2448253333568573	0
174	18.38533527871914	1.8390095419817953e-06	0.24683910608291626	0
175	18.485685280240432	1.8526966414356139e-06	0.24884559214115143	0
176	18.586080281762406	1.8665372181203566e-06	0.2508465647697449	0
177	18.68647528328438	1.879946239569108e-06	0.2528497576713562	0
178	18.786825284805673	1.8950187268274021e-06	0.25485894083976746	0
179	18.887220286327647	1.907487558128196e-06	0.25684869289398193	0
180	18.98757028784894	1.9227002212574007e-06	0.25886696577072144	0
181	19.087965289370914	1.9356612028786913e-06	0.2608644962310791	0
182	19.188315290892206	1.9490919385134475e-06	0.26287269592285156	0
183	19.28871029241418	1.964027887879638e-06	0.2648791968822479	0
184	19.389060293935472	1.9775084183493163e-06	0.26687490940093994	0
185	19.489455295457446	1.9898905065929284e-06	0.268886923789978	0
186	19.58980529697874	2.003512690862408e-06	0.2708861827850342	0
187	19.690200298500713	2.016523239944945e-06	0.2729022800922394	0
188	19.790595300022687	2.028592234637472e-06	0.2749168276786804	0
189	19.89094530154398	2.040139634118532e-06	0.27691707015037537	0
190	19.991340303065954	2.0523270904959645e-06	0.2789236307144165	0
191	20.091690304587246	2.064240561594488e-06	0.2809448540210724	0
192	20.19208530610922	2.0745471829286544e-06	0.28294074535369873	0
193	20.292435307630512	2.08463029593986e-06	0.28494757413864136	0
194	20.392830309152487	2.0943798517691903e-06	0.28696608543395996	0
195	20.49318031067378	2.1035405097791227e-06	0.28896138072013855	0
196	20.593575312195753	2.112782112817513e-06	0.2909727990627289	0
197	20.693925313717045	2.1207526970101753e-06	0.2929825186729431	0
198	20.79432031523902	2.1278870008245576e-06	0.2949911057949066	0
199	20.894715316760994	2.1353623651521048e-06	0.296998530626297	0
200	20.995065318282286	2.141759978258051e-06	0.2990235984325409	0
201	21.09546031980426	2.148848579963669e-06	0.3010464906692505	0
202	21.195810321325553	2.1523565010284074e-06	0.30305948853492737	0
203	21.296205322847527	2.1571806883002864e-06	0.305064857006073	0
204	21.39655532436882	2.1600390027742833e-06	0.3070809841156006	0
205	21.496950325890793	2.163591261705733e-06	0.3090837001800537	0
206	21.597300327412086	2.165535534004448e-06	0.3110869526863098	0
207	21.69769532893406	2.1667960936611053e-06	0.31309542059898376	0
208	21.798045330455352	2.166372269130079e-06	0.315104216337204	0
209	21.898440331977326	2.165401156162261e-06	0.3171105682849884	0
210	21.9988353334993	2.1649636892107083e-06	0.31911081075668335	0
211	22.099185335020593	2.1632827156281564e-06	0.32112985849380493	0
212	22.199580336542567	2.162376631531515e-06	0.32314538955688477	0
213	22.29993033806386	2.159478071916965e-06	0.32515081763267517	0
214	22.400325339585834	2.1564471808233066e-06	0.32717323303222656	0
215	22.500675341107126	2.1524565454456024e-06	0.329174280166626	0
216	22.6010703426291	2.1473558717843844e-06	0.3311777412891388	0
217	22.701420344150392	2.141551703971345e-06	0.33319130539894104	0
218	22.801815345672367	2.1356768229452427e-06	0.3352028727531433	0
219	22.90216534719366	2.1300641037669266e-06	0.33719414472579956	0
220	23.002560348715633	2.123211288562743e-06	0.3392072021961212	0
221	23.102910350236925	2.1159148673177697e-06	0.3412182629108429	0
222	23.2033053517589	2.108463377226144e-06	0.34321993589401245	0
223	23.303700353280874	2.100635128954309e-06	0.3452266454696655	0
224	23.404050354802166	2.0924505861330545e-06	0.347222238779068	0
225	23.50444535632414	2.0833163034694735e-06	0.34923750162124634	0
226	23.604795357845433	2.074707481369842e-06	0.35124319791793823	0
227	23.705190359367407	2.0655504613387166e-06	0.3532578647136688	0
228	23.8055403608887	2.0558297819661675e-06	0.3552568554878235	0
229	23.905935362410673	2.0469249193411088e-06	0.35725992918014526	0
230	24.006285363931966	2.0382815364428097e-06	0.3592676520347595	0
231	24.10668036545394	2.028435346801416e-06	0.3612808883190155	0
232	24.207030366975232	2.0190179839119082e-06	0.3632693290710449	0
233	24.307425368497206	2.008869842029526e-06	0.36529234051704407	0
234	24.40782037001918	2.001010898311506e-06	0.36729419231414795	0
235	24.508170371540473	1.992257693927968e-06	0.36930739879608154	0
236	24.608565373062447	1.9831297777272994e-06	0.37131136655807495	0
237	24.70891537458374	1.9746019006561255e-06	0.3733161389827728	0
238	24.809310376105714	1.9652140963444253e-06	0.3753376007080078	0
239	24.909660377627006	1.9578892533900216e-06	0.3773421347141266	0
240	25.01005537914898	1.950756768565043e-06	0.3793395459651947	0
241	25.110405380670272	1.9418198462517466e-06	0.38134533166885376	0
242	25.210800382192247	1.9356750726728933e-06	0.38334596157073975	0
243	25.31115038371354	1.9291653643449536e-06	0.3853922486305237	0
244	25.411545385235513	1.9224858078814577e-06	0.3873986303806305	0
245	25.511940386757487	1.9157978385919705e-06	0.3893994390964508	0
246	25.61229038827878	1.9110789253318217e-06	0.3914221525192261	0
247	25.712685389800754	1.90505681985087e-06	0.3934340178966522	0
248	25.813035391322046	1.8992132027051412e-06	0.3954382538795471	0
249	25.91343039284402	1.8943895838674507e-06	0.3974391222000122	0
250	26.013780394365313	1.889267991828092e-06	0.39945095777511597	0
251	26.114175395887287	1.884300445453846e-06	0.4014570116996765	0
252	26.21452539740858	1.880279910437821e-06	0.4034644067287445	0
253	26.314920398930553	1.8759991462502512e-06	0.4054712653160095	0
254	26.415270400451845	1.872309098871483e-06	0.407481849193573	0
255	26.51566540197382	1.8693831407290418e-06	0.4094924032688141	0
256	26.616060403495794	1.8648535160536994e-06	0.4115005433559418	0
257	26.716410405017086	1.861657665358507e-06	0.4135186970233917	0
258	26.81680540653906	1.8579039533506148e-06	0.41551607847213745	0
259	26.917155408060353	1.8555400629338692e-06	0.41752031445503235	0
260	27.017550409582327	1.853068170021288e-06	0.41952431201934814	0
261	27.11790041110362	1.8499079033063026e-06	0.42152658104896545	0
262	27.218295412625594	1.8484153088138555e-06	0.42353329062461853	0
263	27.318645414146886	1.8461156514604227e-06	0.425535649061203	0
264	27.41904041566886	1.8432721162753296e-06	0.4275188446044922	0
265	27.519390417190152	1.8405511355013005e-06	0.42953404784202576	0
266	27.619785418712127	1.840445975176408e-06	0.43155092000961304	0
267	27.7201804202341	1.8381698509983835e-06	0.4335480034351349	0
268	27.820530421755393	1.8362811715633143e-06	0.4355621039867401	0
269	27.920925423277367	1.835613147704862e-06	0.4375619888305664	0
270	28.02127542479866	1.8335330196350696e-06	0.43958061933517456	0
271	28.121670426320634	1.8319824448553845e-06	0.4415791928768158	0
272	28.222020427841926	1.829547500165063e-06	0.44359368085861206	0
273	28.3224154293639	1.829660618568596e-06	0.4456007480621338	0
274	28.422765430885192	1.8276469972988707e-06	0.4476042091846466	0
275	28.523160432407167	1.8273680097991019e-06	0.44962629675865173	0
276	28.62351043392846	1.8273583464178955e-06	0.45163893699645996	0
277	28.723905435450433	1.8257541114508058e-06	0.4536519944667816	0
278	28.824300436972408	1.8262168168803328e-06	0.4556540250778198	0
279	28.9246504384937	1.8255963141200482e-06	0.45766597986221313	0
280	29.025045440015674	1.8249548929816228e-06	0.4596578776836395	0
281	29.125395441536966	1.8233250784760457e-06	0.46166062355041504	0
282	29.22579044305894	1.8242708392790519e-06	0.4636763632297516	0
283	29.326140444580233	1.8237466292703175e-06	0.4656738042831421	0
284	29.426535446102207	1.8237817585031735e-06	0.46767860651016235	0
285	29.5268854476235	1.8234101162306615e-06	0.4696926176548004	0
286	29.627280449145474	1.8241921679873485e-06	0.4717310070991516	0
287	29.727630450666766	1.8237095673612203e-06	0.4737483859062195	0
288	29.82802545218874	1.8230135765406885e-06	0.47573885321617126	0
289	29.928375453710032	1.8239164774058736e-06	0.477757066488266	0
290	30.028770455232006	1.8239352357340977e-06	0.47976061701774597	0
291	30.12916545675398	1.8251377014166792e-06	0.4817730784416199	0
292	30.229515458275273	1.8256100702274125e-06	0.48378410935401917	0
293	30.329910459797247	1.826470338528452e-06	0.48577600717544556	0
294	30.43026046131854	1.8267752466272213e-06	0.4877879321575165	0
295	30.530655462840514	1.828275344450958e-06	0.48979759216308594	0
296	30.631005464361806	1.8292817003384698e-06	0.4918099045753479	0
297	30.73140046588378	1.829844791245705e-06	0.49382343888282776	0
298	30.831750467405072	1.83052964075614e-06	0.495830237865448	0
299	30.932145468927047	1.8319899481866742e-06	0.4978385865688324	0
300	31.03249547044834	1.8330147213418968e-06	0.4998314678668976	0
301	31.132890471970313	1.8348181356486748e-06	0.5018435716629028	0
302	31.233285473492288	1.8364519291935721e-06	0.503852128982544	0
303	31.33363547501358	1.8374915953245363e-06	0.5058648586273193	0
304	31.434030476535554	1.8392196352579049e-06	0.5078645944595337	0
305	31.534380478056846	1.8405196442472516e-06	0.5098732709884644	0
306	31.63477547957882	1.8425688494971837e-06	0.5118771195411682	0
307	31.735125481100113	1.8440883877701708e-06	0.5138631463050842	0
308	31.835520482622087	1.846737063715409e-06	0.5158792734146118	0
309	31.93587048414338	1.8503970977690187e-06	0.5178883671760559	0
310	32.03626548566535	1.8524456208979245e-06	0.5199002623558044	0
311	32.136615487186646	1.8546430737842456e-06	0.5219072699546814	0
312	32.23701048870862	1.8571294049252174e-06	0.5239116549491882	0
313	32.337405490230594	1.8609744074638002e-06	0.5259156823158264	0
314	32.437755491751886	1.8644122974365018e-06	0.527930736541748	0
315	32.53815049327386	1.8672062651603483e-06	0.5299306511878967	0
316	32.63850049479515	1.8714353018367547e-06	0.5319399833679199	0
317	32.73889549631713	1.874501663223782e-06	0.5339450240135193	0
318	32.83924549783842	1.8783533732857904e-06	0.5359700322151184	0
319	32.939640499360394	1.8831542547559366e-06	0.5379635691642761	0
320	33.039990500881686	1.887799840005755e-06	0.5399684906005859	0
321	33.14038550240366	1.8922237359220162e-06	0.5419806838035583	0
322	33.24073550392495	1.8983173504238948e-06	0.5439866185188293	0
323	33.34113050544693	1.9028485667149653e-06	0.5459882616996765	0
324	33.4415255069689	1.9082799553871155e-06	0.5480035543441772	0
325	33.54187550849019	1.9148217234032927e-06	0.5500131249427795	0
326	33.64227051001217	1.920541308209067e-06	0.5520077347755432	0
327	33.74262051153346	1.927730181705556e-06	0.5540105104446411	0
328	33.843015513055434	1.9352785329829203e-06	0.5560380220413208	0
329	33.943365514576726	1.9425019672780763e-06	0.5580624938011169	0
330	34.0437605160987	1.9499850623105885e-06	0.5600665211677551	0
331	34.14411051761999	1.95771917788079e-06	0.562074601650238	0
332	34.24450551914197	1.9664114461193094e-06	0.5640857815742493	0
333	34.34485552066326	1.9749575130845187e-06	0.5660926699638367	0
334	34.44525052218523	1.984611571970163e-06	0.5681024789810181	0
335	34.545600523706526	1.994150579776033e-06	0.5701119899749756	0
336	34.6459955252285	2.003996996791102e-06	0.5721142888069153	0
337	34.746390526750474	2.014643541770056e-06	0.5741196274757385	0
338	34.846740528271766	2.0263801161490846e-06	0.5761264562606812	0
339	34.94713552979374	2.037841113633476e-06	0.5781352519989014	0
340	35.04748553131503	2.0504839994828217e-06	0.5801457166671753	0
341	35.14788053283701	2.0633815438486636e-06	0.5821440815925598	0
342	35.2482305343583	2.0774318727490027e-06	0.5841647982597351	0
343	35.348625535880274	2.091114083668799e-06	0.5861666798591614	0
344	35.448975537401566	2.1066744011477567e-06	0.5881720781326294	0
345	35.54937053892354	2.122251999026048e-06	0.5901893377304077	0
346	35.64972054044483	2.1380487851274665e-06	0.592187225818634	0
347	35.75011554196681	2.1555258626904106e-06	0.5941947102546692	0
348	35.85051054348878	2.171461119360174e-06	0.5961992144584656	0
349	35.95086054501007	2.1915643628744874e-06	0.5981993079185486	0
350	36.05125554653205	2.210443199146539e-06	0.6001870632171631	0
351	36.15160554805334	2.2305941911326954e-06	0.6021992564201355	0
352	36.252000549575314	2.2520885067933705e-06	0.6042020916938782	0
353	36.352350551096606	2.2751212327420944e-06	0.6062103509902954	0
354	36.45274555261858	2.298089611940668e-06	0.6082245111465454	0
355	36.55309555413987	2.3221327865030617e-06	0.6102296710014343	0
356	36.65349055566185	2.34790968534071e-06	0.6122332811355591	0
357	36.75384055718314	2.3759419036650797e-06	0.6142459511756897	0
358	36.85423555870511	2.4026701339607826e-06	0.6162566542625427	0
359	36.95463056022709	2.4331739041372202e-06	0.6182697415351868	0
360	37.05498056174838	2.4625690002721967e-06	0.6202750205993652	0
361	37.155375563270354	2.493685087756603e-06	0.6222922801971436	0
362	37.255725564791646	2.5268507215514546e-06	0.6242954134941101	0
363	37.35612056631362	2.561581823101733e-06	0.6263119578361511	0
364	37.45647056783491	2.631999450386502e-06	0.628314733505249	0
365	37.55686556935689	2.8209888114361092e-06	0.6303069591522217	0
366	37.65721557087818	3.146099743389641e-06	0.6323131918907166	0
367	37.757610572400154	3.4749170936265728e-06	0.6343289017677307	0
368	37.857960573921446	3.695157829497475e-06	0.636326789855957	0
369	37.95835557544342	3.860931428789627e-06	0.6383417844772339	0
370	38.058750576965394	3.964896222896641e-06	0.6403414011001587	0
371	38.35984558152995	2.9744878702331334e-05	0.6791554689407349	0
372	38.56059058457322	0.0009027788764797151	0.6460611820220947	0
373	38.660985586095194	0.007356217596679926	0.6525203585624695	0
374	38.761335587616486	0.01109856553375721	0.6546826958656311	0
375	38.86173058913846	0.019182709977030754	-0.04379523918032646	0
376	38.96208059065975	0.023298220708966255	-2.501688003540039	0
377	39.06247559218173	0.023105068132281303	-2.501688003540039	0
378	39.1628705937037	-0.004590559750795364	0.23451419174671173	0
379	39.26322059522499	-0.023725008592009544	2.5034751892089844	0
380	39.36361559674697	-0.022754071280360222	2.5034749507904053	0
381	39.46396559826826	-0.022377081215381622	2.5034751892089844	0
382	39.564360599790234	-0.022046081721782684	2.5034749507904053	0
383	39.664710601311526	-0.0216622706502676	2.5034751892089844	0
384	39.7651056028335	-0.02139686979353428	2.5034749507904053	0
385	39.86545560435479	-0.02110898680984974	2.5034751892089844	0
386	39.96585060587677	-0.020903371274471283	2.5034749507904053	0
387	40.06620060739806	-0.020839324221014977	2.5034751892089844	0
388	40.166595608920034	-0.020650146529078484	2.5034749507904053	0
389	40.26699061044201	-0.020500829443335533	2.5034749507904053	0
390	40.3673406119633	-0.02023206278681755	2.5034751892089844	0
391	40.467735613485274	-0.02006465755403042	2.5034749507904053	0
392	40.56808561500657	-0.01988884061574936	2.5034751892089844	0
393	40.66848061652854	-0.01986217312514782	2.5034749507904053	0
394	40.76883061804983	-0.019862636923789978	2.5034751892089844	0
395	40.86922561957181	-0.01982722617685795	2.5034749507904053	0
396	40.9695756210931	-0.019859779626131058	2.5034751892089844	0
397	41.069970622615074	-0.019806114956736565	2.5034749507904053	0
398	41.170320624136366	-0.0198200810700655	2.5034751892089844	0
399	41.27071562565834	-0.019870420917868614	2.5034749507904053	0
400	41.37106562717963	-0.019915862008929253	2.5034751892089844	0
401	41.47146062870161	-0.01986371912062168	2.5034749507904053	0
402	41.57185563022358	-0.019797896966338158	2.5034749507904053	0
403	41.67220563174487	-0.01978551223874092	2.5034751892089844	0
404	41.77260063326685	-0.019776420667767525	2.5034749507904053	0
405	41.87295063478814	-0.019808225333690643	2.5034751892089844	0
406	41.973345636310114	-0.01984885148704052	2.5034749507904053	0
407	42.073695637831406	-0.019904758781194687	2.5034751892089844	0
408	42.17409063935338	-0.01995079219341278	2.5034749507904053	0
409	42.27444064087467	-0.020006094127893448	2.5034751892089844	0
410	42.37483564239665	-0.020061612129211426	2.5034749507904053	0
411	42.47518564391794	-0.02011125162243843	2.5034751892089844	0
412	42.57558064543991	-0.020158937200903893	2.5034749507904053	0
413	42.67597564696189	-0.020204709842801094	2.5034749507904053	0
414	42.77632564848318	-0.020247861742973328	2.5034751892089844	0
415	42.876720650005154	-0.020265402272343636	2.5034749507904053	0
416	42.97707065152645	-0.020274588838219643	2.5034751892089844	0
417	43.07746565304842	-0.020255103707313538	2.5034749507904053	0
418	43.17781565456971	-0.020241452381014824	2.5034751892089844	0
419	43.27821065609169	-0.020221296697854996	2.5034749507904053	0
420	43.37856065761298	-0.020215919241309166	2.5034751892089844	0
421	43.478955659134954	-0.02022513747215271	2.5034749507904053	0
422	43.579305660656246	-0.020241260528564453	2.5034751892089844	0
423	43.67970066217822	-0.020256299525499344	2.5034749507904053	0
424	43.780095663700195	-0.02026517689228058	2.5034749507904053	0
425	43.88044566522149	-0.020267603918910027	2.5034751892089844	0
426	43.98084066674346	-0.02026565559208393	2.5034749507904053	0
427	44.08119066826475	-0.02026122622191906	2.5034751892089844	0
428	44.18158566978673	-0.020251203328371048	2.5034749507904053	0
429	44.28193567130802	-0.020249176770448685	2.5034751892089844	0
430	44.382330672829994	-0.02024383284151554	2.5034749507904053	0
431	44.482680674351286	-0.02024197205901146	2.5034751892089844	0
432	44.58307567587326	-0.020239615812897682	2.5034749507904053	0
433	44.68342567739455	-0.02023722603917122	2.5034751892089844	0
434	44.78382067891653	-0.020239664241671562	2.5034749507904053	0
435	44.8842156804385	-0.02023959532380104	2.5034749507904053	0
436	44.98456568195979	-0.020245615392923355	2.5034751892089844	0
437	45.08496068348177	-0.020252104848623276	2.5034749507904053	0
438	45.18531068500306	-0.020254410803318024	2.5034751892089844	0
439	45.285705686525034	-0.02024925872683525	2.5034749507904053	0
440	45.386055688046326	-0.020246272906661034	2.5034751892089844	0
441	45.4864506895683	-0.02024834230542183	2.5034749507904053	0
442	45.58680069108959	-0.020256398245692253	2.5034751892089844	0
443	45.68719569261157	-0.02027701586484909	2.5034749507904053	0
444	45.78754569413286	-0.02029906027019024	2.5034751892089844	0
445	45.887940695654834	-0.02031620591878891	2.5034749507904053	0
446	45.988290697176126	-0.020322123542428017	2.5034751892089844	0
447	46.08864069869742	-0.02032804861664772	2.5034751892089844	0
448	46.18903570021939	-0.020340314134955406	2.5034749507904053	0
449	46.289385701740684	-0.0203594658523798	2.5034751892089844	0
450	46.38978070326266	-0.020384468138217926	2.5034749507904053	0
451	46.49013070478395	-0.020414486527442932	2.5034751892089844	0
452	46.590525706305925	-0.02043529599905014	2.5034749507904053	0
453	46.69087570782722	-0.020438136532902718	2.5034751892089844	0
454	46.79127070934919	-0.02043047361075878	2.5034749507904053	0
455	46.891665710871166	-0.020411448553204536	2.5034749507904053	0
456	46.99201571239246	-0.020394356921315193	2.5034751892089844	0
457	47.09241071391443	-0.02039114572107792	2.5034749507904053	0
458	47.192760715435725	-0.02038189023733139	2.5034751892089844	0
459	47.2931557169577	-0.020379969850182533	2.5034749507904053	0
460	47.39350571847899	-0.02038624696433544	2.5034751892089844	0
461	47.493900720000966	-0.020394163206219673	2.5034749507904053	0
462	47.59425072152226	-0.020400047302246094	2.5034751892089844	0
463	47.69464572304423	-0.020408382639288902	2.5034749507904053	0
464	47.794995724565524	-0.020417293533682823	2.5034751892089844	0
465	47.8953907260875	-0.020423978567123413	2.5034749507904053	0
466	47.99574072760879	-0.020435158163309097	2.5034751892089844	0
467	48.096135729130765	-0.02044851891696453	2.5034749507904053	0
468	48.19653073065274	-0.020472915843129158	2.5034749507904053	0
469	48.29688073217403	-0.02049580216407776	2.5034751892089844	0
470	48.397275733696006	-0.02050117217004299	2.5034749507904053	0
471	48.4976257352173	-0.020485512912273407	2.5034751892089844	0
472	48.59802073673927	-0.020465360954403877	2.5034749507904053	0
473	48.698370738260564	-0.020440444350242615	2.5034751892089844	0
474	48.79876573978254	-0.020419292151927948	2.5034749507904053	0
475	48.89911574130383	-0.020416684448719025	2.5034751892089844	0
476	48.999510742825805	-0.020428398624062538	2.5034749507904053	0
477	49.0998607443471	-0.020454280078411102	2.5034751892089844	0
478	49.20025574586907	-0.020488087087869644	2.5034749507904053	0
479	49.300650747391046	-0.020529309287667274	2.5034749507904053	0
480	49.40100074891234	-0.020561721175909042	2.5034751892089844	0
481	49.50139575043431	-0.020580003038048744	2.5034749507904053	0
482	49.601745751955605	-0.020583974197506905	2.5034751892089844	0
483	49.70214075347758	-0.020593492314219475	2.5034749507904053	0
484	49.80249075499887	-0.02061763033270836	2.5034751892089844	0
485	49.902885756520845	-0.020629828795790672	2.5034749507904053	0
486	50.00323575804214	-0.020632844418287277	2.5034751892089844	0
487	50.10363075956411	-0.020625559613108635	2.5034749507904053	0
488	50.203980761085404	-0.020603254437446594	2.5034751892089844	0
489	50.30437576260738	-0.020570505410432816	2.5034749507904053	0
490	50.40477076412935	-0.020544206723570824	2.5034749507904053	0
491	50.505120765650645	-0.02052175998687744	2.5034751892089844	0
492	50.60551576717262	-0.020509472116827965	2.5034749507904053	0
493	50.70586576869391	-0.02050195261836052	2.5034751892089844	0
494	50.806260770215886	-0.020500363782048225	2.5034749507904053	0
495	50.90661077173718	-0.020497247576713562	2.5034751892089844	0
496	51.00700577325915	-0.02049710601568222	2.5034749507904053	0
497	51.107355774780444	-0.02048671990633011	2.5034751892089844	0
498	51.20775077630242	-0.02047426998615265	2.5034749507904053	0
499	51.30810077782371	-0.020459363237023354	2.5034751892089844	0
500	51.408495779345685	-0.02045876905322075	2.5034749507904053	0
501	51.50889078086766	-0.02045339159667492	2.5034749507904053	0
502	51.60924078238895	-0.020434588193893433	2.5034751892089844	0
503	51.709635783910926	-0.020414475351572037	2.5034749507904053	0
504	51.80998578543222	-0.020428109914064407	2.5034751892089844	0
505	51.91038078695419	-0.020451543852686882	2.5034749507904053	0
506	52.010730788475485	-0.020478302612900734	2.5034751892089844	0
507	52.11112578999746	-0.02050754241645336	2.5034749507904053	0
508	52.21147579151875	-0.020525896921753883	2.5034751892089844	0
509	52.311870793040725	-0.020528167486190796	2.5034749507904053	0
510	52.41222079456202	-0.020522547885775566	2.5034751892089844	0
511	52.51261579608399	-0.020518353208899498	2.5034749507904053	0
512	52.613010797605966	-0.02050022780895233	2.5034749507904053	0
513	52.71336079912726	-0.020480480045080185	2.5034751892089844	0
514	52.81375580064923	-0.02048521302640438	2.5034749507904053	0
515	52.914105802170525	-0.020496007055044174	2.5034751892089844	0
516	53.0145008036925	-0.02050621435046196	2.5034749507904053	0
517	53.11485080521379	-0.02051045373082161	2.5034751892089844	0
518	53.215245806735766	-0.02051881141960621	2.5034749507904053	0
519	53.31559580825706	-0.020516041666269302	2.5034751892089844	0
520	53.41599080977903	-0.0205084178596735	2.5034749507904053	0
521	53.516340811300324	-0.020493527874350548	2.5034751892089844	0
522	53.6167358128223	-0.0204835906624794	2.5034749507904053	0
523	53.71713081434427	-0.020472805947065353	2.5034749507904053	0
524	53.817480815865565	-0.02047090418636799	2.5034751892089844	0
525	53.91787581738754	-0.020478513091802597	2.5034749507904053	0
526	54.01822581890883	-0.020500732585787773	2.5034751892089844	0
527	54.118620820430806	-0.020527927204966545	2.5034749507904053	0
528	54.2189708219521	-0.020544851198792458	2.5034751892089844	0
529	54.31936582347407	-0.020551105961203575	2.5034749507904053	0
530	54.419715824995365	-0.020557081326842308	2.5034751892089844	0
531	54.52011082651734	-0.020564140751957893	2.5034749507904053	0
532	54.62046082803863	-0.020569883286952972	2.5034751892089844	0
533	54.720855829560605	-0.020564353093504906	2.5034749507904053	0
534	54.82125083108258	-0.020548032596707344	2.5034749507904053	0
535	54.92160083260387	-0.0205385759472847	2.5034751892089844	0
536	55.021995834125846	-0.02053605020046234	2.5034749507904053	0
537	55.12234583564714	-0.020543700084090233	2.5034751892089844	0
538	55.22274083716911	-0.020545391365885735	2.5034749507904053	0
539	55.323090838690405	-0.020549658685922623	2.5034751892089844	0
540	55.42348584021238	-0.020543592050671577	2.5034749507904053	0
541	55.52383584173367	-0.0205400213599205	2.5034751892089844	0
542	55.624230843255646	-0.020547976717352867	2.5034749507904053	0
543	55.72458084477694	-0.02055213786661625	2.5034751892089844	0
544	55.82497584629891	-0.02055216021835804	2.5034749507904053	0
545	55.925325847820204	-0.020540211349725723	2.5034751892089844	0
546	56.02572084934218	-0.020527735352516174	2.5034749507904053	0
547	56.12611585086415	-0.02051888033747673	2.5034749507904053	0
548	56.226465852385445	-0.020515309646725655	2.5034751892089844	0
549	56.32686085390742	-0.020504627376794815	2.5034749507904053	0
550	56.42721085542871	-0.020497191697359085	2.5034751892089844	0
551	56.527605856950686	-0.02049458771944046	2.5034749507904053	0
552	56.62795585847198	-0.020495111122727394	2.5034751892089844	0
553	56.72835085999395	-0.02049405314028263	2.5034749507904053	0
554	56.828700861515244	-0.0204857736825943	2.5034751892089844	0
555	56.92909586303722	-0.02048257179558277	2.5034749507904053	0
556	57.02944586455851	-0.02047717198729515	2.5034751892089844	0
557	57.129840866080485	-0.020469939336180687	2.5034749507904053	0
558	57.23023586760246	-0.02045789361000061	2.5034749507904053	0
559	57.33058586912375	-0.02044273167848587	2.5034751892089844	0
560	57.430980870645726	-0.020440723747015	2.5034749507904053	0
561	57.53133087216702	-0.02045608125627041	2.5034751892089844	0
562	57.63172587368899	-0.020468734204769135	2.5034749507904053	0
563	57.732075875210285	-0.020462604239583015	2.5034751892089844	0
564	57.83247087673226	-0.020449141040444374	2.5034749507904053	0
565	57.93282087825355	-0.02043401449918747	2.5034751892089844	0
566	58.033215879775526	-0.020407801494002342	2.5034749507904053	0
567	58.13356588129682	-0.020372897386550903	2.5034751892089844	0
568	58.23396088281879	-0.02034071832895279	2.5034749507904053	0
569	58.334355884340766	-0.020318422466516495	2.5034749507904053	0
570	58.43470588586206	-0.02030658908188343	2.5034751892089844	0
571	58.53510088738403	-0.020310053601861	2.5034749507904053	0
572	58.635450888905325	-0.020316416397690773	2.5034751892089844	0
573	58.7358458904273	-0.02030833624303341	2.5034749507904053	0
574	58.83619589194859	-0.02029944397509098	2.5034751892089844	0
575	58.936590893470566	-0.020289544016122818	2.5034749507904053	0
576	59.03694089499186	-0.020286843180656433	2.5034751892089844	0
577	59.13733589651383	-0.020267434418201447	2.5034749507904053	0
578	59.237685898035124	-0.020239999517798424	2.5034751892089844	0
579	59.3380808995571	-0.020183023065328598	2.5034749507904053	0
580	59.43847590107907	-0.02014809660613537	2.5034749507904053	0
581	59.538825902600365	-0.020253172144293785	2.5034751892089844	0
582	59.63922090412234	-0.020342065021395683	2.5034749507904053	0
583	59.73957090564363	-0.02035706862807274	2.5034751892089844	0
584	59.839965907165606	-0.020357944071292877	2.5034749507904053	0
585	59.9403159086869	-0.02035539038479328	2.5034751892089844	0
586	60.04071091020887	-0.020337987691164017	2.5034749507904053	0
587	60.141060911730165	-0.02032626047730446	2.5034751892089844	0
588	60.24145591325214	-0.020319340750575066	2.5034749507904053	0
589	60.34180591477343	-0.02031109668314457	2.5034751892089844	0
590	60.442200916295405	-0.020323725417256355	2.5034749507904053	0
591	60.54259591781738	-0.020335325971245766	2.5034749507904053	0
592	60.64294591933867	-0.020343739539384842	2.5034751892089844	0
593	60.743340920860646	-0.02034676820039749	2.5034749507904053	0
594	60.84369092238194	-0.020347505807876587	2.5034751892089844	0
595	60.94408592390391	-0.020338699221611023	2.5034749507904053	0
596	61.044435925425205	-0.020321253687143326	2.5034751892089844	0
597	61.14483092694718	-0.02033730410039425	2.5034749507904053	0
598	61.24518092846847	-0.02034625969827175	2.5034751892089844	0
599	61.345575929990446	-0.020341183990240097	2.5034749507904053	0
600	61.44592593151174	-0.02033507451415062	2.5034751892089844	0
601	61.54632093303371	-0.020320352166891098	2.5034749507904053	0
602	61.64671593455569	-0.020310992375016212	2.5034749507904053	0
603	61.74706593607698	-0.020305199548602104	2.5034751892089844	0
604	61.84746093759895	-0.020309874787926674	2.5034749507904053	0
605	61.947810939120245	-0.02033805474638939	2.5034751892089844	0
606	62.04820594064222	-0.020340265706181526	2.5034749507904053	0
607	62.14855594216351	-0.020342787727713585	2.5034751892089844	0
608	62.248950943685486	-0.02033998630940914	2.5034749507904053	0
609	62.34930094520678	-0.020340651273727417	2.5034751892089844	0
610	62.44969594672875	-0.02033468335866928	2.5034749507904053	0
611	62.550045948250045	-0.020362842828035355	2.5034751892089844	0
612	62.65044094977202	-0.020378408953547478	2.5034749507904053	0
613	62.75079095129331	-0.02036493830382824	2.5034751892089844	0
614	62.851185952815285	-0.020360201597213745	2.5034749507904053	0
615	62.95158095433726	-0.020370136946439743	2.5034749507904053	0
616	63.05193095585855	-0.02038889192044735	2.5034751892089844	0
617	63.152325957380526	-0.020400645211338997	2.5034749507904053	0
618	63.25267595890182	-0.020402738824486732	2.5034751892089844	0
619	63.35307096042379	-0.020411251112818718	2.5034749507904053	0
620	63.453420961945085	-0.020423445850610733	2.5034751892089844	0
621	63.55381596346706	-0.020426250994205475	2.5034749507904053	0
622	63.65416596498835	-0.020418452098965645	2.5034751892089844	0
623	63.754560966510326	-0.02041301690042019	2.5034749507904053	0
624	63.85491096803162	-0.02039867825806141	2.5034751892089844	0
625	63.95530596955359	-0.02039358764886856	2.5034749507904053	0
626	64.05570097107557	-0.020414331927895546	2.5034749507904053	0
627	64.15605097259686	-0.02039201371371746	2.5034751892089844	0
628	64.25644597411883	-0.020380744710564613	2.5034749507904053	0
629	64.35679597564013	-0.020409177988767624	2.5034751892089844	0
630	64.4571909771621	-0.02040705643594265	2.5034749507904053	0
631	64.55754097868339	-0.020450055599212646	2.5034751892089844	0
632	64.65793598020537	-0.020436633378267288	2.5034749507904053	0
633	64.75828598172666	-0.020471971482038498	2.5034751892089844	0
634	64.85868098324863	-0.020485131070017815	2.5034749507904053	0
635	64.95903098476992	-0.020481828600168228	2.5034751892089844	0
636	65.0594259862919	-0.020459892228245735	2.5034749507904053	0
637	65.15982098781387	-0.02044808678328991	2.5034749507904053	0
638	65.26017098933517	-0.020447541028261185	2.5034751892089844	0
639	65.36056599085714	-0.020442599430680275	2.5034749507904053	0
640	65.46091599237843	-0.02044404111802578	2.5034751892089844	0
641	65.5613109939004	-0.020444979891180992	2.5034749507904053	0
642	65.6616609954217	-0.02044147253036499	2.5034751892089844	0
643	65.76205599694367	-0.02043229341506958	2.5034749507904053	0
644	65.86240599846496	-0.020438699051737785	2.5034751892089844	0
645	65.96280099998694	-0.02043851464986801	2.5034749507904053	0
646	66.06315100150823	-0.020437130704522133	2.5034751892089844	0
647	66.1635460030302	-0.02044461853802204	2.5034749507904053	0
648	66.26394100455218	-0.020455751568078995	2.5034749507904053	0
649	66.36429100607347	-0.020459802821278572	2.5034751892089844	0
650	66.46468600759545	-0.020464038476347923	2.5034749507904053	0
651	66.56503600911674	-0.020463794469833374	2.5034751892089844	0
652	66.66543101063871	-0.020463895052671432	2.5034749507904053	0
653	66.76578101216	-0.020462576299905777	2.5034751892089844	0
654	66.86617601368198	-0.02046610601246357	2.5034749507904053	0
655	66.96652601520327	-0.020461836829781532	2.5034751892089844	0
656	67.06692101672525	-0.02046462707221508	2.5034749507904053	0
657	67.16727101824654	-0.0204714797437191	2.5034751892089844	0
658	67.26766601976851	-0.02046283520758152	2.5034749507904053	0
659	67.36806102129049	-0.020434532314538956	2.5034749507904053	0
660	67.46841102281178	-0.02040906250476837	2.5034751892089844	0
661	67.56880602433375	-0.020404702052474022	2.5034749507904053	0
662	67.66915602585505	-0.020402321591973305	2.5034751892089844	0
663	67.76955102737702	-0.02040490135550499	2.5034749507904053	0
664	67.86990102889831	-0.020405815914273262	2.5034751892089844	0
665	67.97029603042029	-0.020393170416355133	2.5034749507904053	0
666	68.07064603194158	-0.020371699705719948	2.5034751892089844	0
667	68.17104103346355	-0.02036411501467228	2.5034749507904053	0
668	68.27139103498484	-0.020373636856675148	2.5034751892089844	0
669	68.37178603650682	-0.020400555804371834	2.5034749507904053	0
670	68.4721810380288	-0.020435264334082603	2.5034749507904053	0
671	68.57253103955009	-0.020466657355427742	2.5034751892089844	0
672	68.67292604107206	-0.020495092496275902	2.5034749507904053	0
673	68.77327604259335	-0.020512480288743973	2.5034751892089844	0
674	68.87367104411533	-0.020518086850643158	2.5034749507904053	0
675	68.97402104563662	-0.02051328867673874	2.5034751892089844	0
676	69.07441604715859	-0.02050718665122986	2.5034749507904053	0
677	69.17476604867988	-0.020499780774116516	2.5034751892089844	0
678	69.27516105020186	-0.020498042926192284	2.5034749507904053	0
679	69.37551105172315	-0.02050221897661686	2.5034751892089844	0
680	69.47590605324513	-0.020503079518675804	2.5034749507904053	0
681	69.57625605476642	-0.020503705367445946	2.5034751892089844	0
682	69.67665105628839	-0.02049952745437622	2.5034749507904053	0
683	69.77704605781037	-0.02048495225608349	2.5034749507904053	0
684	69.87739605933166	-0.020479178056120872	2.5034751892089844	0
685	69.97779106085363	-0.020492568612098694	2.5034749507904053	0
686	70.07814106237493	-0.020498178899288177	2.5034751892089844	0
687	70.1785360638969	-0.020504873245954514	2.5034749507904053	0
688	70.27888606541819	-0.020515931770205498	2.5034751892089844	0
689	70.37928106694017	-0.020543303340673447	2.5034749507904053	0
690	70.47963106846146	-0.02054230123758316	2.5034751892089844	0
691	70.58002606998343	-0.02054460346698761	2.5034749507904053	0
692	70.68037607150472	-0.020534150302410126	2.5034751892089844	0
693	70.7807710730267	-0.020542455837130547	2.5034749507904053	0
694	70.88116607454867	-0.020518358796834946	2.5034749507904053	0
695	70.98151607606997	-0.020496753975749016	2.5034751892089844	0
696	71.08191107759194	-0.02045673131942749	2.5034749507904053	0
697	71.18226107911323	-0.020428869873285294	2.5034751892089844	0
698	71.2826560806352	-0.02042895369231701	2.5034749507904053	0
699	71.3830060821565	-0.0204186849296093	2.5034751892089844	0
700	71.48340108367847	-0.020419681444764137	2.5034749507904053	0
701	71.58375108519976	-0.020412027835845947	2.5034751892089844	0
702	71.68414608672174	-0.02040908858180046	2.5034749507904053	0
703	71.78449608824303	-0.020378828048706055	2.5034751892089844	0
704	71.884891089765	-0.020368440076708794	2.5034749507904053	0
705	71.98528609128698	-0.020382564514875412	2.5034749507904053	0
706	72.08563609280827	-0.02040978893637657	2.5034751892089844	0
707	72.18603109433025	-0.020428679883480072	2.5034749507904053	0
708	72.28638109585154	-0.020439116284251213	2.5034751892089844	0
709	72.38677609737351	-0.020437296479940414	2.5034749507904053	0
710	72.4871260988948	-0.020439574494957924	2.5034751892089844	0
711	72.58752110041678	-0.020438391715288162	2.5034749507904053	0
712	72.68787110193807	-0.020442089065909386	2.5034751892089844	0
713	72.78826610346005	-0.020447682589292526	2.5034749507904053	0
714	72.88861610498134	-0.020445076748728752	2.5034751892089844	0
715	72.98901110650331	-0.020439574494957924	2.5034749507904053	0
716	73.08940610802529	-0.020423704758286476	2.5034749507904053	0
717	73.18975610954658	-0.020410239696502686	2.5034751892089844	0
718	73.29015111106855	-0.02039773017168045	2.5034749507904053	0
719	73.39050111258985	-0.020387109369039536	2.5034751892089844	0
720	73.49089611411182	-0.020383372902870178	2.5034749507904053	0
721	73.59124611563311	-0.020394958555698395	2.5034751892089844	0
722	73.69164111715509	-0.020405912771821022	2.5034749507904053	0
723	73.79199111867638	-0.020418239757418633	2.5034751892089844	0
724	73.89238612019835	-0.020427996292710304	2.5034749507904053	0
725	73.99273612171964	-0.02041962370276451	2.5034751892089844	0
726	74.09313112324162	-0.020412681624293327	2.5034749507904053	0
727	74.19348112476291	-0.020407473668456078	2.5034751892089844	0
728	74.29387612628489	-0.020404865965247154	2.5034749507904053	0
729	74.39427112780686	-0.020410757511854172	2.5034749507904053	0
730	74.49462112932815	-0.020418869331479073	2.5034751892089844	0
731	74.59501613085013	-0.02042354829609394	2.5034749507904053	0
732	74.69536613237142	-0.020426692441105843	2.5034751892089844	0
733	74.7957611338934	-0.02043556421995163	2.5034749507904053	0
734	74.89611113541469	-0.020447643473744392	2.5034751892089844	0
735	74.99650613693666	-0.020451633259654045	2.5034749507904053	0
736	75.09685613845795	-0.02044738456606865	2.5034751892089844	0
737	75.19725113997993	-0.020427653566002846	2.5034749507904053	0
738	75.29760114150122	-0.02040216326713562	2.5034751892089844	0
739	75.39799614302319	-0.020379696041345596	2.5034749507904053	0
740	75.49839114454517	-0.02035640925168991	2.5034749507904053	0
741	75.59874114606646	-0.020336570218205452	2.5034751892089844	0
742	75.69913614758843	-0.02032073587179184	2.5034749507904053	0
743	75.79948614910973	-0.020307965576648712	2.5034751892089844	0
744	75.8998811506317	-0.020298585295677185	2.5034749507904053	0
745	75.98349115189922	-0.02030338905751705	2.5034754276275635	0
746	76.08384115342051	-0.020310034975409508	2.5034751892089844	0
747	76.18423615494248	-0.0203290656208992	2.5034749507904053	0
748	76.28458615646377	-0.020366130396723747	2.5034751892089844	0
749	76.38498115798575	-0.020370712503790855	2.5034749507904053	0
750	76.48533115950704	-0.02038651518523693	2.5034751892089844	0
751	76.58572616102902	-0.02045489102602005	2.5034749507904053	0
752	76.68607616255031	-0.020468445494771004	2.5034751892089844	0
753	76.78647116407228	-0.02046656608581543	2.5034749507904053	0
754	76.88686616559426	-0.020470185205340385	2.5034749507904053	0
755	76.98721616711555	-0.020470164716243744	2.5034751892089844	0
756	77.08761116863752	-0.020466305315494537	2.5034749507904053	0
757	77.18796117015881	-0.020458726212382317	2.5034751892089844	0
758	77.28835617168079	-0.02045207843184471	2.5034749507904053	0
759	77.38870617320208	-0.020455650985240936	2.5034751892089844	0
760	77.48910117472406	-0.020474469289183617	2.5034749507904053	0
761	77.58945117624535	-0.020474925637245178	2.5034751892089844	0
762	77.68984617776732	-0.020471882075071335	2.5034749507904053	0
763	77.79019617928861	-0.020440855994820595	2.5034751892089844	0
764	77.89059118081059	-0.02040381357073784	2.5034749507904053	0
765	77.99098618233256	-0.020378505811095238	2.5034749507904053	0
766	78.09133618385385	-0.02036714367568493	2.5034751892089844	0
767	78.19173118537583	-0.020371628925204277	2.5034749507904053	0
768	78.29208118689712	-0.020380644127726555	2.5034751892089844	0
769	78.3924761884191	-0.02038850449025631	2.5034749507904053	0
770	78.49282618994039	-0.020394418388605118	2.5034751892089844	0
771	78.59322119146236	-0.0203961543738842	2.5034749507904053	0
772	78.69357119298365	-0.0203957948833704	2.5034751892089844	0
773	78.79396619450563	-0.020397456362843513	2.5034749507904053	0
774	78.89431619602692	-0.020399801433086395	2.5034751892089844	0
775	78.9947111975489	-0.020398085936903954	2.5034749507904053	0
776	79.09510619907087	-0.020398180931806564	2.5034749507904053	0
777	79.19545620059216	-0.02040129341185093	2.5034751892089844	0
778	79.29585120211414	-0.020417185500264168	2.5034749507904053	0
779	79.39620120363543	-0.020429041236639023	2.5034751892089844	0
780	79.4965962051574	-0.020386669784784317	2.5034749507904053	0
781	79.5969462066787	-0.0203855000436306	2.5034751892089844	0
782	79.69734120820067	-0.020380496978759766	2.5034749507904053	0
783	79.79769120972196	-0.02037069946527481	2.5034751892089844	0
784	79.89808621124394	-0.02034047804772854	2.5034749507904053	0
785	79.99843621276523	-0.020320357754826546	2.5034751892089844	0
786	80.0988312142872	-0.020308341830968857	2.5034749507904053	0
787	80.1991812158085	-0.020301369950175285	2.5034751892089844	0
788	80.29957621733047	-0.020288366824388504	2.5034749507904053	0
789	80.39997121885244	-0.020272374153137207	2.5034749507904053	0
790	80.50032122037373	-0.020272864028811455	2.5034751892089844	0
791	80.60071622189571	-0.02026817388832569	2.5034749507904053	0
792	80.701066223417	-0.020277438685297966	2.5034751892089844	0
793	80.80146122493898	-0.020285343751311302	2.5034749507904053	0
794	80.90181122646027	-0.02030315063893795	2.5034751892089844	0
795	81.00220622798224	-0.02035120315849781	2.5034749507904053	0
796	81.10255622950353	-0.020381877198815346	2.5034751892089844	0
797	81.20295123102551	-0.020384425297379494	2.5034749507904053	0
798	81.3033012325468	-0.02035948634147644	2.5034751892089844	0
799	81.40369623406878	-0.020382769405841827	2.5034749507904053	0
800	81.50409123559075	-0.020409053191542625	2.5034749507904053	0
801	81.60444123711204	-0.02041095308959484	2.5034751892089844	0
802	81.70483623863402	-0.020414872094988823	2.5034749507904053	0
803	81.80518624015531	-0.020414698868989944	2.5034751892089844	0
804	81.90558124167728	-0.020382387563586235	2.5034749507904053	0
805	82.00593124319857	-0.020332137122750282	2.5034751892089844	0
806	82.10632624472055	-0.02030651643872261	2.5034749507904053	0
807	82.20667624624184	-0.020277054980397224	2.5034751892089844	0
808	82.30707124776382	-0.020275229588150978	2.5034749507904053	0
809	82.40742124928511	-0.020289110019803047	2.5034751892089844	0
810	82.50781625080708	-0.02028660848736763	2.5034749507904053	0
811	82.60821125232906	-0.020263636484742165	2.5034749507904053	0
812	82.70856125385035	-0.02022147923707962	2.5034751892089844	0
813	82.80895625537232	-0.020161248743534088	2.5034749507904053	0
814	82.90930625689361	-0.020160512998700142	2.5034751892089844	0
815	83.00970125841559	-0.020153973251581192	2.5034749507904053	0
816	83.11005125993688	-0.020207198336720467	2.5034751892089844	0
817	83.21044626145886	-0.020271621644496918	2.5034749507904053	0
818	83.31079626298015	-0.02027747966349125	2.5034751892089844	0
819	83.41119126450212	-0.020273061469197273	2.5034749507904053	0
820	83.51154126602341	-0.020245704799890518	2.5034751892089844	0
821	83.61193626754539	-0.020191237330436707	2.5034749507904053	0
822	83.71233126906736	-0.020130865275859833	2.5034749507904053	0
823	83.81268127058866	-0.020056376233696938	2.5034751892089844	0
824	83.91307627211063	-0.019987890496850014	2.5034749507904053	0
825	84.01342627363192	-0.019930807873606682	2.5034751892089844	0
826	84.1138212751539	-0.01988089643418789	2.5034749507904053	0
827	84.21417127667519	-0.019851744174957275	2.5034751892089844	0
828	84.31456627819716	-0.019889643415808678	2.5034749507904053	0
829	84.41491627971845	-0.020105944946408272	2.5034751892089844	0
830	84.51531128124043	-0.020133478567004204	2.5034749507904053	0
831	84.61566128276172	-0.020136896520853043	2.5034751892089844	0
832	84.7160562842837	-0.02012793719768524	2.5034749507904053	0
833	84.81645128580567	-0.020127668976783752	2.5034749507904053	0
834	84.91680128732696	-0.020144758746027946	2.5034751892089844	0
835	85.01719628884894	-0.0201787818223238	2.5034749507904053	0
836	85.11754629037023	-0.020188650116324425	2.5034751892089844	0
837	85.2179412918922	-0.020158354192972183	2.5034749507904053	0
838	85.3182912934135	-0.020134348422288895	2.5034751892089844	0
839	85.41868629493547	-0.02011149190366268	2.5034749507904053	0
840	85.51903629645676	-0.020130081102252007	2.5034751892089844	0
841	85.61943129797874	-0.02019118145108223	2.5034749507904053	0
842	85.71978129950003	-0.020221062004566193	2.5034751892089844	0
843	85.820176301022	-0.020202122628688812	2.5034749507904053	0
844	85.9205263025433	-0.020173875615000725	2.5034751892089844	0
845	86.02092130406527	-0.020128559321165085	2.5034749507904053	0
846	86.12131630558724	-0.020125027745962143	2.5034749507904053	0
847	86.22166630710853	-0.02017873153090477	2.5034751892089844	0
848	86.32206130863051	-0.020178144797682762	2.5034749507904053	0
849	86.4224113101518	-0.020171452313661575	2.5034751892089844	0
850	86.52280631167378	-0.02017698809504509	2.5034749507904053	0
851	86.62315631319507	-0.020164569839835167	2.5034751892089844	0
852	86.72355131471704	-0.02013867162168026	2.5034749507904053	0
853	86.82390131623833	-0.020197786390781403	2.5034751892089844	0
854	86.92429631776031	-0.0202022735029459	2.5034749507904053	0
855	87.0246463192816	-0.020210498943924904	2.5034751892089844	0
856	87.12504132080358	-0.020192284137010574	2.5034749507904053	0
857	87.22543632232555	-0.020168742164969444	2.5034749507904053	0
858	87.32578632384684	-0.020154206082224846	2.5034751892089844	0
859	87.42618132536882	-0.0201277993619442	2.5034749507904053	0
860	87.52653132689011	-0.020093237981200218	2.5034751892089844	0
861	87.62692632841208	-0.02007542923092842	2.5034749507904053	0
862	87.72727632993337	-0.020039424300193787	2.5034751892089844	0
863	87.82767133145535	-0.020029181614518166	2.5034749507904053	0
864	87.92802133297664	-0.02008616365492344	2.5034751892089844	0
865	88.02841633449862	-0.02011282742023468	2.5034749507904053	0
866	88.12876633601991	-0.02019488252699375	2.5034751892089844	0
867	88.22916133754188	-0.0202204417437315	2.5034749507904053	0
868	88.32955633906386	-0.02021034248173237	2.5034749507904053	0
869	88.42990634058515	-0.020180094987154007	2.5034751892089844	0
870	88.53030134210712	-0.020148055627942085	2.5034749507904053	0
871	88.63065134362841	-0.020132068544626236	2.5034751892089844	0
872	88.73104634515039	-0.020087040960788727	2.5034749507904053	0
873	88.83139634667168	-0.020072026178240776	2.5034751892089844	0
874	88.93179134819366	-0.02011147141456604	2.5034749507904053	0
875	89.03214134971495	-0.02015567757189274	2.5034751892089844	0
876	89.13253635123692	-0.02017282135784626	2.5034749507904053	0
877	89.23288635275821	-0.02018783614039421	2.5034751892089844	0
878	89.33328135428019	-0.020188484340906143	2.5034749507904053	0
879	89.43367635580216	-0.020214304327964783	2.5034749507904053	0
880	89.53402635732346	-0.02024732157588005	2.5034751892089844	0
881	89.63442135884543	-0.020266039296984673	2.5034749507904053	0
882	89.73477136036672	-0.02025306224822998	2.5034751892089844	0
883	89.8351663618887	-0.020219285041093826	2.5034749507904053	0
884	89.93551636340999	-0.020188959315419197	2.5034751892089844	0
885	90.03591136493196	-0.020164595916867256	2.5034749507904053	0
886	90.13626136645325	-0.020137952640652657	2.5034751892089844	0
887	90.23665636797523	-0.02013425901532173	2.5034749507904053	0
888	90.33700636949652	-0.02020605467259884	2.5034751892089844	0
889	90.4374013710185	-0.020259587094187737	2.5034749507904053	0
890	90.53779637254047	-0.020279670134186745	2.5034749507904053	0
891	90.63814637406176	-0.02028106153011322	2.5034751892089844	0
892	90.73854137558374	-0.02027893252670765	2.5034749507904053	0
893	90.83889137710503	-0.020274322479963303	2.5034751892089844	0
894	90.939286378627	-0.020257100462913513	2.5034749507904053	0
895	91.0396363801483	-0.02022201381623745	2.5034751892089844	0
896	91.14003138167027	-0.020225508138537407	2.5034749507904053	0
897	91.24038138319156	-0.020239561796188354	2.5034751892089844	0
898	91.34077638471354	-0.0202472060918808	2.5034749507904053	0
899	91.44112638623483	-0.020234951749444008	2.5034751892089844	0
900	91.5415213877568	-0.020221885293722153	2.5034749507904053	0
901	91.64191638927878	-0.020203519612550735	2.5034749507904053	0
902	91.74226639080007	-0.020176656544208527	2.5034751892089844	0
903	91.84266139232204	-0.020177384838461876	2.5034749507904053	0
904	91.94301139384334	-0.02018720470368862	2.5034751892089844	0
