	t	I	Ewe	Cycle
0	0.016785000254458282	4.783989204781847e-09	0.05164848640561104	0
1	0.41832000634167343	9.434825898324561e-08	0.05955176055431366	0
2	0.5186700078629656	9.1719861927686e-08	0.06122159957885742	0
3	0.6190650093849399	8.187844002804923e-08	0.06301470100879669	0
4	0.719415010906232	8.941588447441973e-08	0.06502386927604675	0
5	0.8198100124282064	9.629761166252138e-08	0.0670366883277893	0
6	0.9201600139494985	1.0363323355022658e-07	0.06886551529169083	0
7	2.9277000443835277	-1.4824010463598825e-07	0.10844098776578903	0
8	3.7306800565565936	4.845946364184783e-07	0.12581413984298706	0
9	3.831075058078568	5.030613010603702e-07	0.12725481390953064	0
10	3.93142505959986	5.411889674178383e-07	0.12929990887641907	0
11	4.031820061121834	5.796395612378547e-07	0.13130336999893188	0
12	4.132170062643127	6.201540827532881e-07	0.13330905139446259	0
13	4.232565064165101	6.634210762967996e-07	0.1353163868188858	0
14	4.332915065686393	7.092709211065085e-07	0.137322798371315	0
15	4.433310067208367	7.586540959891863e-07	0.1393321454524994	0
16	4.5336600687296595	8.120445613712945e-07	0.14133256673812866	0
17	4.634055070251634	8.684219778842817e-07	0.14333367347717285	0
18	4.734450071773608	9.299615726376942e-07	0.14534568786621094	0
19	4.8348000732949	9.86413851933321e-07	0.14718343317508698	0
20	4.935195074816875	1.0186014378632535e-06	0.14932699501514435	0
21	5.035545076338167	1.092133175006893e-06	0.15135523676872253	0
22	5.135940077860141	1.1641166111076018e-06	0.1533442586660385	0
23	5.236290079381433	1.244409986611572e-06	0.1553577333688736	0
24	5.336685080903408	1.3278134929350927e-06	0.15736325085163116	0
25	5.4370350824247	1.4175842579788878e-06	0.1593681275844574	0
26	5.537430083946674	1.5137331956793787e-06	0.16137269139289856	0
27	5.6378250854686485	1.6178302075786632e-06	0.16338478028774261	0
28	5.738175086989941	1.7261726270589861e-06	0.16539274156093597	0
29	5.838570088511915	1.8417608771414962e-06	0.16739240288734436	0
30	5.938920090033207	1.964814828170347e-06	0.16938906908035278	0
31	6.039315091555181	2.0974127892259276e-06	0.1713920682668686	0
32	6.139665093076474	2.2373430965672014e-06	0.1734078824520111	0
33	6.240060094598448	2.3844550014473498e-06	0.17541824281215668	0
34	6.34041009611974	2.544152948757983e-06	0.17742471396923065	0
35	6.440805097641714	2.7103214961243793e-06	0.1794336587190628	0
36	6.541200099163689	2.8857693905592896e-06	0.18144011497497559	0
37	6.641550100684981	3.0695198347530095e-06	0.18344604969024658	0
38	6.741945102206955	3.2644263683323516e-06	0.18544527888298035	0
39	6.842295103728247	3.472889829936321e-06	0.1874571144580841	0
40	6.942690105250222	3.6903363707097014e-06	0.18946781754493713	0
41	7.043040106771514	3.917201411240967e-06	0.19146406650543213	0
42	7.143435108293488	4.154217549512396e-06	0.19347883760929108	0
43	7.24378510981478	4.404355422593653e-06	0.19550524652004242	0
44	7.344180111336755	4.660003014578251e-06	0.19750022888183594	0
45	7.444575112858729	4.928864200337557e-06	0.19951142370700836	0
46	7.544925114380021	5.200274699745933e-06	0.2015102505683899	0
47	7.6453201159019955	5.493222488439642e-06	0.2035108208656311	0
48	7.745670117423288	5.785969278804259e-06	0.205524280667305	0
49	7.846065118945262	6.0878332988067996e-06	0.20753800868988037	0
50	7.946415120466554	6.398160167009337e-06	0.20953451097011566	0
51	8.046810121988528	6.7127311922376975e-06	0.21153658628463745	0
52	8.14716012350982	7.057273251120932e-06	0.2135734260082245	0
53	8.247555125031795	7.3824644459818956e-06	0.21558767557144165	0
54	8.34795012655377	7.711014404776506e-06	0.2175997644662857	0
55	8.448300128075061	8.048987183428835e-06	0.2196171134710312	0
56	8.548695129597036	8.38192045193864e-06	0.22160477936267853	0
57	8.649045131118328	8.719311153981835e-06	0.22360877692699432	0
58	8.749440132640302	9.059573130798526e-06	0.22562307119369507	0
59	8.849790134161594	9.38839639275102e-06	0.2276221215724945	0
60	8.950185135683569	9.719025001686532e-06	0.22962966561317444	0
61	9.05053513720486	1.0041645509772934e-05	0.23163844645023346	0
62	9.150930138726835	1.035638342727907e-05	0.2336365282535553	0
63	9.25132514024881	1.0624271453707479e-05	0.23572024703025818	0
64	9.351675141770102	1.0954725439660251e-05	0.23768846690654755	0
65	9.452070143292076	1.1236847967666108e-05	0.23969101905822754	0
66	9.552420144813368	1.1515431651787367e-05	0.2416936308145523	0
67	9.652815146335342	1.1773674486903474e-05	0.24369977414608002	0
68	9.753165147856635	1.2019731002510525e-05	0.24569667875766754	0
69	9.853560149378609	1.2252246960997581e-05	0.24772025644779205	0
70	9.953910150899901	1.2459115168894641e-05	0.24971836805343628	0
71	10.054305152421875	1.2660494576266501e-05	0.2517273426055908	0
72	10.15470015394385	1.2837913345720153e-05	0.25373271107673645	0
73	10.255050155465142	1.2982260159333237e-05	0.2557237148284912	0
74	10.355445156987116	1.3131099876773078e-05	0.25773879885673523	0
75	10.455795158508408	1.325819903286174e-05	0.25973907113075256	0
76	10.556190160030383	1.336122841166798e-05	0.26173996925354004	0
77	10.656540161551675	1.3449428479361814e-05	0.2637581527233124	0
78	10.75693516307365	1.3513748854165897e-05	0.2657555341720581	0
79	10.857330164595624	1.3564140317612328e-05	0.2677740156650543	0
80	10.957680166116916	1.3598203622677829e-05	0.26977747678756714	0
81	11.05807516763889	1.36110138555523e-05	0.27177414298057556	0
82	11.158425169160182	1.3614508134196512e-05	0.2737826704978943	0
83	11.258820170682156	1.3602194485429209e-05	0.2757898271083832	0
84	11.359170172203449	1.357973633275833e-05	0.27780410647392273	0
85	11.459565173725423	1.3542345186579041e-05	0.2798141539096832	0
86	11.559915175246715	1.3485798262991011e-05	0.28180837631225586	0
87	11.66031017676869	1.3429310456558596e-05	0.28382354974746704	0
88	11.760705178290664	1.3357696843740996e-05	0.2858307361602783	0
89	11.861055179811956	1.3275371202325914e-05	0.2878396511077881	0
90	11.96145018133393	1.3190393474360462e-05	0.28983715176582336	0
91	12.061800182855222	1.3099670468363911e-05	0.2918456196784973	0
92	12.162195184377197	1.3001753359276336e-05	0.2938561737537384	0
93	12.262545185898489	1.2897993656224571e-05	0.29585713148117065	0
94	12.362940187420463	1.2795829206879716e-05	0.29786401987075806	0
95	12.463290188941755	1.2697847523668315e-05	0.2999081611633301	0
96	12.56368519046373	1.2582479939737823e-05	0.30192074179649353	0
97	12.664080191985704	1.2466621228668373e-05	0.3039242923259735	0
98	12.764430193506996	1.2353306374279782e-05	0.30593839287757874	0
99	12.86482519502897	1.223615345224971e-05	0.3079354465007782	0
100	12.965175196550263	1.2119699022150598e-05	0.30994611978530884	0
101	13.065570198072237	1.2004616110061761e-05	0.3119550347328186	0
102	13.165920199593529	1.188942405860871e-05	0.3139691650867462	0
103	13.266315201115503	1.1778027328546159e-05	0.3159710168838501	0
104	13.366665202636796	1.1664417797874194e-05	0.3179827928543091	0
105	13.46706020415877	1.1552537216630299e-05	0.31998559832572937	0
106	13.567455205680744	1.1443990842963103e-05	0.3220037817955017	0
107	13.667805207202036	1.1334755981806666e-05	0.3240009844303131	0
108	13.76820020872401	1.1228600669710431e-05	0.3260176479816437	0
109	13.868550210245303	1.1123793228762224e-05	0.3280242383480072	0
110	13.968945211767277	1.1021961654478218e-05	0.33002719283103943	0
111	14.06929521328857	1.0921875400526915e-05	0.3320308327674866	0
112	14.169690214810544	1.082123435480753e-05	0.334052711725235	0
113	14.270040216331836	1.072688519343501e-05	0.33606022596359253	0
114	14.37043521785381	1.0632406883814838e-05	0.33807429671287537	0
115	14.470830219375785	1.0541965821175836e-05	0.340079128742218	0
116	14.571180220897077	1.0449649380461778e-05	0.3420669734477997	0
117	14.671575222419051	1.0363387445977423e-05	0.3440873622894287	0
118	14.771925223940343	1.0277257388224825e-05	0.346092164516449	0
119	14.872320225462317	1.0194682545261458e-05	0.3480919301509857	0
120	14.97267022698361	1.0114356882695574e-05	0.35009610652923584	0
121	15.073065228505584	1.0034215847554151e-05	0.3521002233028412	0
122	15.173415230026876	9.95760547084501e-06	0.3541196286678314	0
123	15.27381023154885	9.884414794214536e-06	0.3561287820339203	0
124	15.374205233070825	9.811175004870165e-06	0.35812705755233765	0
125	15.474555234592117	9.740417226566933e-06	0.36014747619628906	0
126	15.574950236114091	9.670508006820455e-06	0.36213254928588867	0
127	15.675300237635383	9.604855222278275e-06	0.3641606867313385	0
128	15.775695239157358	9.539880920783617e-06	0.3661758303642273	0
129	15.87604524067865	9.476484592596535e-06	0.36817723512649536	0
130	15.976440242200624	9.414291525899898e-06	0.37019583582878113	0
131	16.076790243721916	9.35256957745878e-06	0.3722032308578491	0
132	16.17718524524389	9.295405106968246e-06	0.3742055892944336	0
133	16.277580246765865	9.239923201675992e-06	0.37622177600860596	0
134	16.377930248287157	9.184218470181804e-06	0.3782091438770294	0
135	16.47832524980913	9.131828846875578e-06	0.3802308142185211	0
136	16.578675251330424	9.079493793251459e-06	0.38223010301589966	0
137	16.679070252852398	9.030136425280944e-06	0.38424620032310486	0
138	16.77942025437369	8.981290193332825e-06	0.38627421855926514	0
139	16.879815255895664	8.935213372751605e-06	0.38829609751701355	0
140	16.980165257416957	8.886832802090794e-06	0.39029935002326965	0
141	17.08056025893893	8.842016541166231e-06	0.39230775833129883	0
142	17.180955260460905	8.797733244136907e-06	0.39431700110435486	0
143	17.281305261982197	8.754769623919856e-06	0.39632847905158997	0
144	17.38170026350417	8.713422175787855e-06	0.39833274483680725	0
145	17.482050265025464	8.6717391241109e-06	0.40034374594688416	0
146	17.582445266547438	8.63309560372727e-06	0.4023509621620178	0
147	17.68279526806873	8.595900908403564e-06	0.4043578505516052	0
148	17.783190269590705	8.558386070944835e-06	0.40635454654693604	0
149	17.883540271111997	8.52159246278461e-06	0.4083811640739441	0
150	17.98393527263397	8.48641138873063e-06	0.410378098487854	0
151	18.084330274155946	8.451541361864656e-06	0.41239628195762634	0
152	18.184680275677238	8.417305252805818e-06	0.41440120339393616	0
153	18.285075277199212	8.38355117593892e-06	0.41639772057533264	0
154	18.385425278720504	8.352645636477973e-06	0.4184013903141022	0
155	18.48582028024248	8.32017667562468e-06	0.42041319608688354	0
156	18.58617028176377	8.28968950372655e-06	0.42241084575653076	0
157	18.686565283285745	8.258593879872933e-06	0.4244209825992584	0
158	18.786915284807037	8.230079401982948e-06	0.4264187812805176	0
159	18.88731028632901	8.200929187296424e-06	0.42841637134552	0
160	18.987705287850986	8.172905836545397e-06	0.4304228723049164	0
161	19.088055289372278	8.146726031554863e-06	0.43243172764778137	0
162	19.188450290894252	8.119834092212841e-06	0.4344515800476074	0
163	19.288800292415544	8.094080840237439e-06	0.43644624948501587	0
164	19.38919529393752	8.06865227787057e-06	0.4384606182575226	0
165	19.48954529545881	8.042528861551546e-06	0.4404734969139099	0
166	19.589940296980785	8.016972969926428e-06	0.4424765110015869	0
167	19.690290298502077	7.994098268682137e-06	0.44448333978652954	0
168	19.79068530002405	7.969738362589851e-06	0.4464825987815857	0
169	19.891080301546026	7.946301593619864e-06	0.448496550321579	0
170	19.991430303067318	7.923814337118529e-06	0.45051419734954834	0
171	20.091825304589293	7.901400749688037e-06	0.4525258541107178	0
172	20.192175306110585	7.880577868490946e-06	0.4545322358608246	0
173	20.29257030763256	7.858992830733769e-06	0.45653873682022095	0
174	20.39292030915385	7.836059012333862e-06	0.45853763818740845	0
175	20.493315310675825	7.816275683580898e-06	0.46054649353027344	0
176	20.593665312197118	7.79554193286458e-06	0.462556928396225	0
177	20.694060313719092	7.774741789035033e-06	0.46456149220466614	0
178	20.794455315241066	7.756358172628097e-06	0.46656689047813416	0
179	20.89480531676236	7.736151928838808e-06	0.4685786962509155	0
180	20.995200318284333	7.72081966715632e-06	0.4706166088581085	0
181	21.095550319805625	7.70060250943061e-06	0.47263720631599426	0
182	21.1959453213276	7.682643627049401e-06	0.4746341109275818	0
183	21.29629532284889	7.665461453143507e-06	0.4766550064086914	0
184	21.396690324370866	7.646463927812874e-06	0.47865012288093567	0
185	21.497040325892158	7.630726940988097e-06	0.4806577265262604	0
186	21.597435327414132	7.614073183503933e-06	0.48266157507896423	0
187	21.697830328936107	7.59751219447935e-06	0.4846673011779785	0
188	21.7981803304574	7.580712463095551e-06	0.486676424741745	0
189	21.898575331979373	7.566099611722166e-06	0.4886832535266876	0
190	21.998925333500665	7.5494381235330366e-06	0.4906918704509735	0
191	22.09932033502264	7.534453743573977e-06	0.49271896481513977	0
192	22.19967033654393	7.519263817812316e-06	0.4947056770324707	0
193	22.300065338065906	7.505285338993417e-06	0.4967050850391388	0
194	22.400415339587198	7.490883490390843e-06	0.4987252354621887	0
195	22.500810341109172	7.475981874449644e-06	0.5007258653640747	0
196	22.601205342631147	7.4635404416767415e-06	0.5027264356613159	0
197	22.70155534415244	7.451709279848728e-06	0.5047391057014465	0
198	22.801950345674413	7.437641215801705e-06	0.5067448616027832	0
199	22.902300347195705	7.425635885738302e-06	0.5087538957595825	0
200	23.00269534871768	7.412335889966926e-06	0.5107651352882385	0
201	23.103045350238972	7.397925855912035e-06	0.5127531886100769	0
202	23.203440351760946	7.388349786197068e-06	0.5147466659545898	0
203	23.30383535328292	7.375621862593107e-06	0.5167722105979919	0
204	23.404185354804213	7.3651817729114555e-06	0.5187744498252869	0
205	23.504580356326187	7.353533419518499e-06	0.5207924842834473	0
206	23.60493035784748	7.341248874581652e-06	0.5228012204170227	0
207	23.705325359369454	7.330773769353982e-06	0.5248054265975952	0
208	23.805675360890746	7.320263193832943e-06	0.5268118977546692	0
209	23.90607036241272	7.308775366254849e-06	0.5288166403770447	0
210	24.006420363934012	7.298909167730017e-06	0.5308309197425842	0
211	24.106815365455986	7.2879070103226695e-06	0.5328344702720642	0
212	24.20716536697728	7.280237241502618e-06	0.5348494648933411	0
213	24.307560368499253	7.2699153861321975e-06	0.536862313747406	0
214	24.407955370021227	7.260628990479745e-06	0.5388640761375427	0
215	24.50830537154252	7.250703220051946e-06	0.5408700704574585	0
216	24.608700373064494	7.241093953780364e-06	0.5428701639175415	0
217	24.709050374585786	7.233389624161646e-06	0.5448783040046692	0
218	24.80944537610776	7.225210538308602e-06	0.5468867421150208	0
219	24.909795377629052	7.216549420263618e-06	0.5489002466201782	0
220	25.010190379151027	7.209259365481557e-06	0.5509023666381836	0
221	25.110585380673	7.200884738267632e-06	0.5529076457023621	0
222	25.210935382194293	7.192790235421853e-06	0.5549073219299316	0
223	25.311330383716268	7.186681159510044e-06	0.5569582581520081	0
224	25.41168038523756	7.179606200224953e-06	0.5589633584022522	0
225	25.512075386759534	7.170488515839679e-06	0.5609709024429321	0
226	25.612425388280826	7.16450767868082e-06	0.5629727840423584	0
227	25.7128203898028	7.156247193051968e-06	0.5649795532226562	0
228	25.813170391324093	7.149258635763545e-06	0.566994309425354	0
229	25.913565392846067	7.1434592427976895e-06	0.5690131187438965	0
230	26.01396039436804	7.135906344046816e-06	0.5710107088088989	0
231	26.114310395889333	7.128899142117007e-06	0.5730101466178894	0
232	26.214705397411308	7.123742761905305e-06	0.5750199556350708	0
233	26.3150553989326	7.117471795936581e-06	0.5770337581634521	0
234	26.415450400454574	7.111671038728673e-06	0.5790285468101501	0
235	26.515800401975866	7.105478744051652e-06	0.5810492634773254	0
236	26.61619540349784	7.100472430465743e-06	0.5830530524253845	0
237	26.716545405019133	7.092400210240157e-06	0.5850627422332764	0
238	26.816940406541107	7.086863661243115e-06	0.58706134557724	0
239	26.91733540806308	7.081900093908189e-06	0.5890777111053467	0
240	27.017685409584374	7.0756891545897815e-06	0.5910760164260864	0
241	27.118080411106348	7.070031188050052e-06	0.5930743217468262	0
242	27.21843041262764	7.064073543006089e-06	0.595083475112915	0
243	27.318825414149615	7.059631116135279e-06	0.597089409828186	0
244	27.419175415670907	7.054085472191218e-06	0.5990816950798035	0
245	27.51957041719288	7.04895137459971e-06	0.6010971069335938	0
246	27.619920418714173	7.045077381917508e-06	0.6030958890914917	0
247	27.720315420236147	7.040147920633899e-06	0.6051113605499268	0
248	27.820710421758122	7.035599082882982e-06	0.607129693031311	0
249	27.921060423279414	7.031705536064692e-06	0.6091243624687195	0
250	28.02145542480139	7.025544618954882e-06	0.6111351847648621	0
251	28.12180542632268	7.020745215413626e-06	0.6131433844566345	0
252	28.222200427844655	7.018805263214745e-06	0.6151545643806458	0
253	28.322550429365947	7.013501090114005e-06	0.6171537637710571	0
254	28.42294543088792	7.009300588833867e-06	0.6191633343696594	0
255	28.523295432409213	7.0051796683401335e-06	0.6211850047111511	0
256	28.623690433931188	7.002846359682735e-06	0.6231867074966431	0
257	28.724085435453162	6.9962038651283365e-06	0.6251869201660156	0
258	28.824435436974454	6.993549050093861e-06	0.6272019147872925	0
259	28.92483043849643	6.991240752540762e-06	0.6292129755020142	0
260	29.02518044001772	6.986967946431832e-06	0.6312053799629211	0
261	29.125575441539695	6.985833351791371e-06	0.6332271099090576	0
262	29.225925443060987	6.981284514040453e-06	0.6352227330207825	0
263	29.32632044458296	6.977345947234426e-06	0.6372348070144653	0
264	29.426670446104254	6.9747870838909876e-06	0.639237642288208	0
265	29.527065447626228	6.972970368224196e-06	0.6412595510482788	0
266	29.627460449148202	6.97109499014914e-06	0.6432887315750122	0
267	29.727810450669494	6.968409707042156e-06	0.6452959179878235	0
268	29.82820545219147	6.965047759877052e-06	0.6473116874694824	0
269	29.92855545371276	6.9630955294996966e-06	0.6493215560913086	0
270	30.028950455234735	6.959489383007167e-06	0.6513174176216125	0
271	30.129300456756027	6.956952347536571e-06	0.6533318758010864	0
272	30.229695458278	6.9542402343358845e-06	0.6553407311439514	0
273	30.330045459799294	6.951819159439765e-06	0.6573423743247986	0
274	30.43044046132127	6.949570888536982e-06	0.6593522429466248	0
275	30.530835462843243	6.946618668735027e-06	0.661352276802063	0
276	30.631185464364535	6.945743280084571e-06	0.6633651852607727	0
277	30.73158046588651	6.9411585172929335e-06	0.6653820872306824	0
278	30.8319304674078	6.939124887139769e-06	0.6673833727836609	0
279	30.932325468929776	6.938342266948894e-06	0.6693944931030273	0
280	31.032675470451068	6.935521923878696e-06	0.6714021563529968	0
281	31.133070471973042	6.932972610229626e-06	0.6734029650688171	0
282	31.233420473494334	6.9320467446232215e-06	0.6754068732261658	0
283	31.33381547501631	6.927715730853379e-06	0.6774241328239441	0
284	31.434210476538283	6.927376944076968e-06	0.6794160008430481	0
285	31.534560478059575	6.927313279447844e-06	0.6814236640930176	0
286	31.63495547958155	6.924371973582311e-06	0.6834339499473572	0
287	31.73530548110284	6.924471108504804e-06	0.6854511499404907	0
288	31.835700482624816	6.923377895873273e-06	0.6874598860740662	0
289	31.936050484146108	6.919172392372275e-06	0.689471960067749	0
290	32.03644548566808	6.9201546466501895e-06	0.6914818286895752	0
291	32.136795487189374	6.916481197549729e-06	0.6934829950332642	0
292	32.23719048871135	6.916306119819637e-06	0.6954885721206665	0
293	32.33758549023332	6.915454832778778e-06	0.6975035667419434	0
294	32.437935491754615	6.913684501341777e-06	0.6995038986206055	0
295	32.53833049327659	6.912374828971224e-06	0.7015116810798645	0
296	32.63868049479788	6.909983767400263e-06	0.703502357006073	0
297	32.739075496319856	6.909362582518952e-06	0.7055139541625977	0
298	32.83942549784115	6.909478543093428e-06	0.7075353860855103	0
299	32.93982049936312	6.9076904765097424e-06	0.7095538973808289	0
300	33.0402155008851	6.908285286044702e-06	0.7115614414215088	0
301	33.14056550240639	6.907646820764057e-06	0.7135692834854126	0
302	33.24096050392836	6.907118404342327e-06	0.7155683040618896	0
303	33.341310505449655	6.909621333761606e-06	0.7175837755203247	0
304	33.44170550697163	6.906372163939523e-06	0.7195894122123718	0
305	33.54205550849292	6.9083630478417035e-06	0.721591055393219	0
306	33.642450510014896	6.9095203798497096e-06	0.7236022353172302	0
307	33.74280051153619	6.907616807438899e-06	0.7256126403808594	0
308	33.84319551305816	6.910198408149881e-06	0.7276500463485718	0
309	33.943545514579455	6.910194770171074e-06	0.7296667098999023	0
310	34.04394051610143	6.910612682986539e-06	0.7316697835922241	0
311	34.144335517623404	6.911041964485776e-06	0.7336847186088562	0
312	34.244685519144696	6.911882792337565e-06	0.7356820702552795	0
313	34.34508052066667	6.91269087838009e-06	0.7376865148544312	0
314	34.44543052218796	6.914724963280605e-06	0.739696204662323	0
315	34.54582552370994	6.916155143699143e-06	0.7417135834693909	0
316	34.64617552523123	6.916383426869288e-06	0.743718147277832	0
317	34.7465705267532	6.920297437318368e-06	0.7457250356674194	0
318	34.84696552827518	6.920184659975348e-06	0.7477278113365173	0
319	34.94731552979647	6.923069122422021e-06	0.7497355341911316	0
320	35.047710531318444	6.925004527147394e-06	0.7517569661140442	0
321	35.148060532839736	6.925904017407447e-06	0.753754734992981	0
322	35.24845553436171	6.927986760274507e-06	0.7557706236839294	0
323	35.348805535883	6.929529263288714e-06	0.7577725648880005	0
324	35.44920053740498	6.933115400897805e-06	0.7597730755805969	0
325	35.54955053892627	6.933705662959255e-06	0.761789083480835	0
326	35.64994554044824	6.935224064363865e-06	0.7637990713119507	0
327	35.75034054197022	6.936655154277105e-06	0.7658157348632812	0
328	35.85069054349151	6.93851461619488e-06	0.7678118348121643	0
329	35.951085545013484	6.939125796634471e-06	0.7697930335998535	0
330	36.051435546534776	6.940775620023487e-06	0.7718046307563782	0
331	36.15183054805675	6.941753781575244e-06	0.7738122344017029	0
332	36.25218054957804	6.942411800991977e-06	0.7758135199546814	0
333	36.35257555110002	6.943787411728408e-06	0.7778224349021912	0
334	36.45292555262131	6.94415257385117e-06	0.7798265814781189	0
335	36.55332055414328	6.944871984160272e-06	0.7818343043327332	0
336	36.65371555566526	6.947477231733501e-06	0.7838497757911682	0
337	36.75406555718655	6.947944712010212e-06	0.7858535051345825	0
338	36.854460558708524	6.95069320499897e-06	0.7878601551055908	0
339	36.95481056022982	6.952278909011511e-06	0.7898597717285156	0
340	37.05520556175179	6.953539923415519e-06	0.7918716669082642	0
341	37.15555556327308	6.9546608756354544e-06	0.7938931584358215	0
342	37.25595056479506	6.957794994377764e-06	0.7959025502204895	0
343	37.35630056631635	6.960148311918601e-06	0.7978979349136353	0
344	37.406475567076996	6.961535291338805e-06	0.7994085550308228	0
345	37.50682556859829	6.914453933859477e-06	0.7991964221000671	0
346	37.60722057012026	6.854665116406977e-06	0.7972121238708496	0
347	37.707570571641554	6.816294444433879e-06	0.7951962351799011	0
348	37.80796557316353	6.783261596865486e-06	0.7931991219520569	0
349	37.90831557468482	6.754332389391493e-06	0.791178822517395	0
350	38.008710576206795	6.7315281739865895e-06	0.7891674041748047	0
351	38.10910557772877	6.708518867526436e-06	0.7871695756912231	0
352	38.20945557925006	6.6889961090055294e-06	0.7851525545120239	0
353	38.309850580772036	6.672865310974885e-06	0.7831509709358215	0
354	38.41020058229333	6.656687219219748e-06	0.7811399102210999	0
355	38.5105955838153	6.642744210694218e-06	0.7791389226913452	0
356	38.610945585336594	6.627942184422864e-06	0.7771329879760742	0
357	38.71134058685857	6.616188784391852e-06	0.7751148343086243	0
358	38.81169058837986	6.6049960878444836e-06	0.773104727268219	0
359	38.912085589901835	6.594030764972558e-06	0.7711113095283508	0
360	39.01248059142381	6.583959475392476e-06	0.7691112756729126	0
361	39.1128305929451	6.576489795406815e-06	0.7671260237693787	0
362	39.213225594467076	6.565724561369279e-06	0.7651095390319824	0
363	39.31357559598837	6.558108907483984e-06	0.7631078362464905	0
364	39.41397059751034	6.549104909936432e-06	0.7610871195793152	0
365	39.514320599031635	6.5420285864092875e-06	0.7590866684913635	0
366	39.61471560055361	6.5350395743735135e-06	0.7570938467979431	0
367	39.71511060207558	6.525964181491872e-06	0.7550820708274841	0
368	39.815460603596875	6.520263013953809e-06	0.7530662417411804	0
369	39.91585560511885	6.51282516628271e-06	0.7510709762573242	0
370	40.01620560664014	6.5070462369476445e-06	0.7490466833114624	0
371	40.116600608162116	6.5008021010726225e-06	0.7470407485961914	0
372	40.21695060968341	6.494164608739084e-06	0.7450343370437622	0
373	40.31734561120538	6.489062798209488e-06	0.7430228590965271	0
374	40.417695612726675	6.483261131506879e-06	0.7410138249397278	0
375	40.51809061424865	6.478810519183753e-06	0.7390111088752747	0
376	40.61844061576994	6.471947017416824e-06	0.7370002269744873	0
377	40.718835617291916	6.468732408393407e-06	0.7350007891654968	0
378	40.81923061881389	6.46391163172666e-06	0.7329878807067871	0
379	40.91958062033518	6.457872586906888e-06	0.7309849858283997	0
380	41.01997562185716	6.45511408947641e-06	0.7289793491363525	0
381	41.12032562337845	6.449263310059905e-06	0.7269552946090698	0
382	41.22072062490042	6.4443147493875585e-06	0.7249392867088318	0
383	41.321070626421715	6.441535788326291e-06	0.7229301929473877	0
384	41.42146562794369	6.436297098844079e-06	0.7209168672561646	0
385	41.521860629465664	6.431370820791926e-06	0.718916654586792	0
386	41.622210630986956	6.428149845305597e-06	0.7169108390808105	0
387	41.72260563250893	6.422580554499291e-06	0.714909553527832	0
388	41.82295563403022	6.419467808882473e-06	0.7128997445106506	0
389	41.9233506355522	6.416156338673318e-06	0.7108846306800842	0
390	42.02370063707349	6.4112109612324275e-06	0.7088789939880371	0
391	42.12409563859546	6.407202363334363e-06	0.7068739533424377	0
392	42.224445640116755	6.403584393410711e-06	0.7048451900482178	0
393	42.32484064163873	6.39995732854004e-06	0.7028464078903198	0
394	42.425235643160704	6.394942829501815e-06	0.7008275985717773	0
395	42.525585644681996	6.3924780988600105e-06	0.6988379955291748	0
396	42.62598064620397	6.3885290728649125e-06	0.696820855140686	0
397	42.72633064772526	6.38367509964155e-06	0.6948156356811523	0
398	42.82672564924724	6.3802135628066026e-06	0.6928109526634216	0
399	42.92707565076853	6.378058515110752e-06	0.6908026337623596	0
400	43.0274706522905	6.371707513608271e-06	0.6887940168380737	0
401	43.127820653811796	6.369821221596794e-06	0.6867907047271729	0
402	43.22821565533377	6.364663022395689e-06	0.6847719550132751	0
403	43.328610656855744	6.361435225699097e-06	0.6827714443206787	0
404	43.42896065837704	6.3587453951186035e-06	0.6807584762573242	0
405	43.52935565989901	6.353025128191803e-06	0.6787557601928711	0
406	43.6297056614203	6.350661806209246e-06	0.6767460703849792	0
407	43.73010066294228	6.346620466501918e-06	0.674743115901947	0
408	43.83045066446357	6.3416546254302375e-06	0.6727423071861267	0
409	43.930845665985544	6.338472303468734e-06	0.6707360148429871	0
410	44.031195667506836	6.334094905469101e-06	0.6687257885932922	0
411	44.13159066902881	6.329353254841408e-06	0.6667295694351196	0
412	44.231985670550785	6.3259817579819355e-06	0.66471266746521	0
413	44.33233567207208	6.3212833083525766e-06	0.6626883745193481	0
414	44.43273067359405	6.316767212410923e-06	0.6606813073158264	0
415	44.53308067511534	6.31370312476065e-06	0.6586840152740479	0
416	44.63347567663732	6.310776370810345e-06	0.6566706895828247	0
417	44.73382567815861	6.305836905085016e-06	0.6546702980995178	0
418	44.834220679680584	6.303312147792894e-06	0.6526584029197693	0
419	44.934570681201876	6.298306288954336e-06	0.6506658792495728	0
420	45.03496568272385	6.294292688835412e-06	0.648654580116272	0
421	45.135360684245825	6.290568762779003e-06	0.6466379761695862	0
422	45.23571068576712	6.2863573475624435e-06	0.6446349620819092	0
423	45.33610568728909	6.280746674747206e-06	0.6426239609718323	0
424	45.43645568881038	6.27685994913918e-06	0.6405750513076782	0
425	45.53685069033236	6.272349764913088e-06	0.6385794878005981	0
426	45.63720069185365	6.268701326916926e-06	0.6365682482719421	0
427	45.737595693375624	6.263860086619388e-06	0.6345683932304382	0
428	45.837945694896916	6.259178462642012e-06	0.6325547099113464	0
429	45.93834069641889	6.25430902800872e-06	0.6305438280105591	0
430	46.038735697940865	6.249419129744638e-06	0.6285439729690552	0
431	46.13908569946216	6.245199529075762e-06	0.6265280842781067	0
432	46.23948070098413	6.2400354181590956e-06	0.6245232224464417	0
433	46.339830702505424	6.234975444385782e-06	0.6225120425224304	0
434	46.4402257040274	6.229880909813801e-06	0.620505154132843	0
435	46.54057570554869	6.224884600669611e-06	0.6184921860694885	0
436	46.640970707070665	6.220332124939887e-06	0.6164854168891907	0
437	46.74132070859196	6.215871053427691e-06	0.6144800782203674	0
438	46.84171571011393	6.211526851984672e-06	0.6124695539474487	0
439	46.942110711635905	6.206748366821557e-06	0.6104739308357239	0
440	47.0424607131572	6.199979452503612e-06	0.6084578633308411	0
441	47.14285571467917	6.196963113325182e-06	0.6064534783363342	0
442	47.243205716200464	6.190840849740198e-06	0.6044352054595947	0
443	47.34360071772244	6.185227448440855e-06	0.6024251580238342	0
444	47.44395071924373	6.180135187605629e-06	0.6004243493080139	0
445	47.544345720765705	6.1752098190481775e-06	0.5984172224998474	0
446	47.644695722287	6.169300377223408e-06	0.596420407295227	0
447	47.74509072380897	6.1638866100111045e-06	0.5944262742996216	0
448	47.845485725330946	6.158485575724626e-06	0.5924174785614014	0
449	47.94583572685224	6.154050879558781e-06	0.590420663356781	0
450	48.04623072837421	6.14857162872795e-06	0.5884020328521729	0
451	48.146580729895504	6.1430710047716275e-06	0.5863984227180481	0
452	48.24697573141748	6.138571279734606e-06	0.58439040184021	0
453	48.34732573293877	6.132337603048654e-06	0.5823773741722107	0
454	48.447720734460745	6.127040251158178e-06	0.580379843711853	0
455	48.54807073598204	6.122584181866841e-06	0.5783674716949463	0
456	48.64846573750401	6.116661097621545e-06	0.5763587951660156	0
457	48.748860739025986	6.112054961704416e-06	0.5743550658226013	0
458	48.84921074054728	6.1078562794136815e-06	0.5723380446434021	0
459	48.94960574206925	6.102205588831566e-06	0.5703527927398682	0
460	49.049955743590544	6.096414836065378e-06	0.5683402419090271	0
461	49.15035074511252	6.091865998314461e-06	0.5663325190544128	0
462	49.25070074663381	6.0847291933896486e-06	0.5643199682235718	0
463	49.351095748155785	6.0819179452664685e-06	0.5623207688331604	0
464	49.45149074967776	6.078458682168275e-06	0.5603146553039551	0
465	49.55184075119905	6.071306870580884e-06	0.5583042502403259	0
466	49.652235752721026	6.068580660212319e-06	0.5562926530838013	0
467	49.75258575424232	6.062390184524702e-06	0.5542554259300232	0
468	49.85298075576429	6.057041900930926e-06	0.5522537231445312	0
469	49.953330757285585	6.053935521777021e-06	0.5502437949180603	0
470	50.05372575880756	6.046730050002225e-06	0.5482459664344788	0
471	50.15407576032885	6.042465884092962e-06	0.5462355017662048	0
472	50.254470761850826	6.037204911990557e-06	0.5442175269126892	0
473	50.35482076337212	6.030170879967045e-06	0.5422242283821106	0
474	50.45521576489409	6.026983101037331e-06	0.5402063131332397	0
475	50.555610766416066	6.02000091021182e-06	0.5382051467895508	0
476	50.65596076793736	6.015528924763203e-06	0.5362037420272827	0
477	50.75635576945933	6.009741355228471e-06	0.5341832637786865	0
478	50.856705770980625	6.0037459661543835e-06	0.5321789383888245	0
479	50.9571007725026	5.99823988522985e-06	0.5301676392555237	0
480	51.05745077402389	5.99187887928565e-06	0.5281538963317871	0
481	51.157845775545866	5.988280463498086e-06	0.526149332523346	0
482	51.25824077706784	5.981120466458378e-06	0.5241342782974243	0
483	51.35859077858913	5.976971806376241e-06	0.5221352577209473	0
484	51.45898578011111	5.971653990854975e-06	0.5201298594474792	0
485	51.5593357816324	5.966343906038674e-06	0.5181102752685547	0
486	51.65973078315437	5.960321232123533e-06	0.5160990953445435	0
487	51.760080784675665	5.956349923508242e-06	0.5140862464904785	0
488	51.86047578619764	5.950814284005901e-06	0.5120897889137268	0
489	51.96082578771893	5.94536095377407e-06	0.5101040005683899	0
490	52.061220789240906	5.941544714005431e-06	0.5080924034118652	0
491	52.16161579076288	5.9361964304116555e-06	0.5060885548591614	0
492	52.26196579228417	5.931437044637278e-06	0.5040799379348755	0
493	52.36236079380615	5.9261788010189775e-06	0.5020641684532166	0
494	52.46271079532744	5.922302989347372e-06	0.5000671744346619	0
495	52.56310579684941	5.916411737416638e-06	0.4980701804161072	0
496	52.663455798370705	5.911532298341626e-06	0.4960576593875885	0
497	52.76385079989268	5.907471859245561e-06	0.4940531253814697	0
498	52.86420080141397	5.900363248656504e-06	0.49204540252685547	0
499	52.964595802935946	5.896085440326715e-06	0.49003416299819946	0
500	53.06499080445792	5.891506589250639e-06	0.4880222678184509	0
501	53.16534080597921	5.88452030569897e-06	0.48601365089416504	0
502	53.26573580750119	5.880769094801508e-06	0.48400774598121643	0
503	53.36608580902248	5.8755354075401556e-06	0.48200273513793945	0
504	53.466480810544454	5.868439984624274e-06	0.47998949885368347	0
505	53.566830812065746	5.8646410252549686e-06	0.47798386216163635	0
506	53.66722581358772	5.8569071370584425e-06	0.4759727120399475	0
507	53.76757581510901	5.853702077729395e-06	0.4739677608013153	0
508	53.86797081663099	5.8474306570133194e-06	0.4719527065753937	0
509	53.96836581815296	5.8418027037987486e-06	0.4699241518974304	0
510	54.06871581967425	5.8373047977511305e-06	0.467898964881897	0
511	54.16911082119623	5.831213456986006e-06	0.46589040756225586	0
512	54.26946082271752	5.826193500979571e-06	0.4638822078704834	0
513	54.369855824239494	5.820937531098025e-06	0.46188652515411377	0
514	54.470205825760786	5.815327313030139e-06	0.45987844467163086	0
515	54.57060082728276	5.81186031922698e-06	0.45789456367492676	0
516	54.67095082880405	5.804683951282641e-06	0.4558897018432617	0
517	54.77134583032603	5.8005562095786445e-06	0.45387575030326843	0
518	54.871740831848	5.794272965431446e-06	0.45187413692474365	0
519	54.97209083336929	5.789568149339175e-06	0.44984862208366394	0
520	55.07248583489127	5.784200311609311e-06	0.44784343242645264	0
521	55.17283583641256	5.778501417808002e-06	0.4458409249782562	0
522	55.273230837934534	5.773902557848487e-06	0.4438266456127167	0
523	55.373580839455826	5.76853290112922e-06	0.44181936979293823	0
524	55.4739758409778	5.762298769695917e-06	0.4398113191127777	0
525	55.57432584249909	5.756623522756854e-06	0.43780308961868286	0
526	55.67472084402107	5.751721801061649e-06	0.43579792976379395	0
527	55.77511584554304	5.744900590798352e-06	0.4337955713272095	0
528	55.87546584706433	5.7388865570828784e-06	0.4317803680896759	0
529	55.97586084858631	5.734250862587942e-06	0.4297783076763153	0
530	56.0762108501076	5.727618827222614e-06	0.42775243520736694	0
531	56.176605851629574	5.720554327126592e-06	0.4257689118385315	0
532	56.27695585315087	5.715356110158609e-06	0.42375555634498596	0
533	56.37735085467284	5.708775461243931e-06	0.42175108194351196	0
534	56.47770085619413	5.701774171029683e-06	0.41974160075187683	0
535	56.57809585771611	5.695967047358863e-06	0.41773924231529236	0
536	56.67849085923808	5.688058081432246e-06	0.41572898626327515	0
537	56.778840860759374	5.681208222085843e-06	0.41373398900032043	0
538	56.87923586228135	5.6735757425485644e-06	0.4117223620414734	0
539	56.97958586380264	5.66747394259437e-06	0.4097200334072113	0
540	57.079980865324615	5.658874670189107e-06	0.40770015120506287	0
541	57.18033086684591	5.651227183989249e-06	0.40569403767585754	0
542	57.28072586836788	5.642723863275023e-06	0.40368446707725525	0
543	57.38107586988917	5.634673925669631e-06	0.40167397260665894	0
544	57.48147087141115	5.627320206258446e-06	0.39966514706611633	0
545	57.58186587293312	5.616397174890153e-06	0.3976532518863678	0
546	57.682215874454414	5.60810576644144e-06	0.39564311504364014	0
547	57.78261087597639	5.599281394097488e-06	0.3936420679092407	0
548	57.88296087749768	5.587814484897535e-06	0.39163845777511597	0
549	57.983355879019655	5.5787254495953675e-06	0.389620840549469	0
550	58.08370588054095	5.567579137277789e-06	0.38762643933296204	0
551	58.18410088206292	5.555702045967337e-06	0.3856181204319	0
552	58.28445088358421	5.5436471484426875e-06	0.3835735023021698	0
553	58.38484588510619	5.531560418603476e-06	0.38157039880752563	0
554	58.48524088662816	5.519197202374926e-06	0.3795582056045532	0
555	58.585590888149454	5.505631634150632e-06	0.3775644302368164	0
556	58.68598588967143	5.491905540111475e-06	0.37555772066116333	0
557	58.78633589119272	5.476675141835585e-06	0.3735485076904297	0
558	58.886730892714695	5.461039563670056e-06	0.37154337763786316	0
559	58.98708089423599	5.446124760055682e-06	0.36953654885292053	0
560	59.08747589575796	5.42680982107413e-06	0.3675236403942108	0
561	59.187825897279254	5.409534878708655e-06	0.36552491784095764	0
562	59.28822089880123	5.3887893045612145e-06	0.36350712180137634	0
563	59.3886159003232	5.368445727071958e-06	0.36149483919143677	0
564	59.488965901844495	5.34734272150672e-06	0.3594862222671509	0
565	59.58936090336647	5.32276499143336e-06	0.35748764872550964	0
566	59.68971090488776	5.29780800206936e-06	0.3554844856262207	0
567	59.790105906409735	5.272788712318288e-06	0.35347989201545715	0
568	59.89045590793103	5.243710347713204e-06	0.3514648377895355	0
569	59.990850909453	5.213529675529571e-06	0.34946030378341675	0
570	60.091200910974294	5.181417691346724e-06	0.34743982553482056	0
571	60.19159591249627	5.147046522324672e-06	0.3454442620277405	0
572	60.29199091401824	5.110420261189574e-06	0.34342318773269653	0
573	60.392340915539535	5.070507086202269e-06	0.34142565727233887	0
574	60.49273591706151	5.030808551964583e-06	0.3394263982772827	0
575	60.5930859185828	4.984685801900923e-06	0.3374243974685669	0
576	60.693480920104776	4.938072379445657e-06	0.3354211151599884	0
577	60.79383092162607	4.8868787416722625e-06	0.3334197700023651	0
578	60.89422592314804	4.831863861909369e-06	0.3314085900783539	0
579	60.994620924670016	4.773313321493333e-06	0.3294006884098053	0
580	61.09497092619131	4.711307610705262e-06	0.327389657497406	0
581	61.19536592771328	4.642667136067757e-06	0.3253864347934723	0
582	61.295715929234575	4.573208116198657e-06	0.32338085770606995	0
583	61.39611093075655	4.494775566854514e-06	0.3213736116886139	0
584	61.49646093227784	4.413753686094424e-06	0.31935298442840576	0
585	61.596855933799816	4.328524937591283e-06	0.3173513412475586	0
586	61.69720593532111	4.234767402522266e-06	0.31535136699676514	0
587	61.79760093684308	4.137509222346125e-06	0.3133481740951538	0
588	61.89799593836506	4.030174750369042e-06	0.3113357126712799	0
589	61.99834593988635	3.917157300747931e-06	0.309319406747818	0
590	62.09874094140832	3.797853651121841e-06	0.30732178688049316	0
591	62.199090942929615	3.668493036457221e-06	0.30530858039855957	0
592	62.29948594445159	3.53366067429306e-06	0.303298681974411	0
593	62.39983594597288	3.3910348520294065e-06	0.3012940585613251	0
594	62.500230947494856	3.2328455290553393e-06	0.2992735505104065	0
595	62.60058094901615	3.0669277748529566e-06	0.29723671078681946	0
596	62.70097595053812	2.8994595595577266e-06	0.29523608088493347	0
597	62.8013709520601	2.7177338779438287e-06	0.29322201013565063	0
598	62.90172095358139	2.5274812287534587e-06	0.2912106513977051	0
599	63.00211595510336	2.3253830931935227e-06	0.2892105281352997	0
600	63.102465956624656	2.1152047793293605e-06	0.2872054874897003	0
601	63.20286095814663	1.8948087472381303e-06	0.28520333766937256	0
602	63.30321095966792	1.6574060737184482e-06	0.2831892669200897	0
603	63.403605961189896	1.4139864106255118e-06	0.2811860740184784	0
604	63.50395596271119	1.1475642622826854e-06	0.2791946828365326	0
605	63.60435096423316	7.537375950050773e-07	0.2770691514015198	0
606	63.70474596575514	4.7400178004863847e-07	0.27506744861602783	0
607	63.80509596727643	1.9128637518406322e-07	0.27307528257369995	0
608	63.905490968798404	-1.0127669725079613e-07	0.27106884121894836	0
609	64.0058409703197	-4.007655434179469e-07	0.2690817713737488	0
610	64.10623597184167	-7.154776540119201e-07	0.2670832574367523	0
611	64.20658597336296	-9.687228157417849e-07	0.2652597427368164	0
612	64.30698097488494	-1.1945373898925027e-06	0.2630484104156494	0
613	64.40733097640623	-1.5482047501791385e-06	0.26111453771591187	0
614	64.5077259779282	-1.8848252238967689e-06	0.25910958647727966	0
615	64.60812097945018	-2.2279507447819924e-06	0.25709980726242065	0
616	64.70847098097147	-2.5640599687903887e-06	0.25510191917419434	0
617	64.80886598249344	-2.9119014470779803e-06	0.25310617685317993	0
618	64.90921598401474	-3.2562656997470185e-06	0.25109097361564636	0
619	65.00961098553671	-3.5967664189229254e-06	0.2490956038236618	0
620	65.109960987058	-3.937490873795468e-06	0.24708867073059082	0
621	65.21035598857998	-4.280903795006452e-06	0.2450733333826065	0
622	65.31070599010127	-4.606668426276883e-06	0.2430882453918457	0
623	65.41110099162324	-4.930474005959695e-06	0.24107252061367035	0
624	65.51149599314522	-5.247035005595535e-06	0.23906898498535156	0
625	65.61184599466651	-5.550469722948037e-06	0.2370654046535492	0
626	65.71224099618848	-5.848596629220992e-06	0.23505549132823944	0
627	65.81259099770978	-6.128269887994975e-06	0.23304136097431183	0
628	65.91298599923175	-6.392676368704997e-06	0.23104116320610046	0
629	66.01333600075304	-6.646606379945297e-06	0.22903770208358765	0
630	66.11373100227502	-6.8819399530184455e-06	0.227028489112854	0
631	66.21408100379631	-7.1006825237418525e-06	0.2250213474035263	0
632	66.31447600531828	-7.3019577939703595e-06	0.2230171114206314	0
633	66.41487100684026	-7.4767976911971346e-06	0.22101618349552155	0
634	66.51522100836155	-7.643669960089028e-06	0.21901345252990723	0
635	66.61561600988352	-7.783106411807239e-06	0.21701131761074066	0
636	66.71596601140482	-7.911567990959156e-06	0.21500039100646973	0
637	66.81636101292679	-8.032187906792387e-06	0.21296823024749756	0
638	66.91671101444808	-8.116836397675797e-06	0.2109527885913849	0
639	67.01710601597006	-8.18094122223556e-06	0.20895828306674957	0
640	67.11745601749135	-8.227132639149204e-06	0.2069511115550995	0
641	67.21785101901332	-8.256269211415201e-06	0.20493794977664948	0
642	67.3182460205353	-8.27403346193023e-06	0.202927827835083	0
643	67.40185602180281	-8.272093509731349e-06	0.201095312833786	0
644	67.5022060233241	-8.254979547928087e-06	0.19926325976848602	0
645	67.60260102484608	-8.230840649048332e-06	0.19724690914154053	0
646	67.70295102636737	-8.185133992810734e-06	0.19524450600147247	0
647	67.80334602788935	-8.135540156217758e-06	0.19323377311229706	0
648	67.90369602941064	-8.072086529864464e-06	0.19121885299682617	0
649	68.00409103093261	-7.996532076504081e-06	0.18921422958374023	0
650	68.10448603245459	-7.916712092992384e-06	0.1872050166130066	0
651	68.20483603397588	-7.826580258551985e-06	0.18519394099712372	0
652	68.30523103549785	-7.728040145593695e-06	0.18317945301532745	0
653	68.40558103701915	-7.6222227107791696e-06	0.1811738908290863	0
654	68.50597603854112	-7.511839612561744e-06	0.1791791170835495	0
655	68.60632604006241	-7.4009412855957635e-06	0.1771722137928009	0
656	68.70672104158439	-7.2856719270930625e-06	0.17515911161899567	0
657	68.80707104310568	-7.168040610849857e-06	0.17315010726451874	0
658	68.90746604462765	-7.048452062008437e-06	0.17113718390464783	0
659	69.00786104614963	-6.922288321220549e-06	0.16914387047290802	0
660	69.10821104767092	-6.800545179430628e-06	0.16713829338550568	0
661	69.2086060491929	-6.678130830550799e-06	0.165133997797966	0
662	69.30895605071419	-6.553455477842363e-06	0.1631258726119995	0
663	69.40935105223616	-6.42973645881284e-06	0.16113412380218506	0
664	69.50970105375745	-6.307939656835515e-06	0.1591263860464096	0
665	69.61009605527943	-6.188417046359973e-06	0.15712130069732666	0
666	69.71044605680072	-6.067451977287419e-06	0.15511587262153625	0
667	69.8108410583227	-5.948835678282194e-06	0.1531004160642624	0
668	69.91123605984467	-5.8315690694143996e-06	0.15110072493553162	0
669	70.01158606136596	-5.7184952311217785e-06	0.14907746016979218	0
670	70.11198106288793	-5.604656507784966e-06	0.1470661163330078	0
671	70.21233106440923	-5.492443960974924e-06	0.14506658911705017	0
672	70.3127260659312	-5.383271400205558e-06	0.1430627554655075	0
673	70.4130760674525	-5.276921456243144e-06	0.14105908572673798	0
674	70.51347106897447	-5.172792953089811e-06	0.1390434354543686	0
675	70.61382107049576	-5.0699418352451175e-06	0.1370304673910141	0
676	70.71421607201773	-4.970307145413244e-06	0.13503007590770721	0
677	70.81461107353971	-4.873317266174126e-06	0.1330113410949707	0
678	70.914961075061	-4.7769931370567065e-06	0.13101688027381897	0
679	71.01535607658298	-4.684800842369441e-06	0.12900428473949432	0
680	71.11570607810427	-4.595995960698929e-06	0.1269729733467102	0
681	71.21610107962624	-4.508049187279539e-06	0.12494652718305588	0
682	71.31645108114753	-4.420059667609166e-06	0.12294942140579224	0
683	71.41684608266951	-4.336779056757223e-06	0.12094385176897049	0
684	71.5171960841908	-4.255822204868309e-06	0.1189490407705307	0
685	71.61759108571277	-4.1754983612918295e-06	0.11692555248737335	0
686	71.71798608723475	-4.098300451005343e-06	0.1149260625243187	0
687	71.81833608875604	-4.0226873352366965e-06	0.11292167752981186	0
688	71.91873109027802	-3.949345682485728e-06	0.11091572046279907	0
689	72.01908109179931	-3.877890776493587e-06	0.1088927835226059	0
690	72.11947609332128	-3.8087212033133255e-06	0.10688735544681549	0
691	72.21982609484257	-3.7410707136587007e-06	0.10486937314271927	0
692	72.32022109636455	-3.6755361634277506e-06	0.10286495089530945	0
693	72.42057109788584	-3.6116898627369665e-06	0.10085754841566086	0
694	72.52096609940781	-3.5489510992192663e-06	0.09884501248598099	0
695	72.62136110092979	-3.4882491490861867e-06	0.09683819115161896	0
696	72.72171110245108	-3.4296510875719832e-06	0.094820037484169	0
697	72.82210610397306	-3.3720471037668176e-06	0.09281722456216812	0
698	72.92245610549435	-3.315711182949599e-06	0.09081774950027466	0
699	73.02285110701632	-3.261515303165652e-06	0.08880113065242767	0
700	73.12320110853761	-3.2087627914734185e-06	0.08679782599210739	0
701	73.22359611005959	-3.156919774482958e-06	0.08478591591119766	0
702	73.32394611158088	-3.1066413157532224e-06	0.08279780298471451	0
703	73.42434111310286	-3.058042466363986e-06	0.08078742027282715	0
704	73.52473611462483	-3.010129603353562e-06	0.07877586781978607	0
705	73.62508611614612	-2.9638817977684084e-06	0.07676912844181061	0
706	73.7254811176681	-2.919044163718354e-06	0.0747576430439949	0
707	73.82583111918939	-2.875351810871507e-06	0.07275716960430145	0
708	73.92622612071136	-2.832705376931699e-06	0.07074880599975586	0
709	74.02657612223265	-2.7912872155866353e-06	0.06874218583106995	0
710	74.12697112375463	-2.7508713174029253e-06	0.06675194948911667	0
711	74.22732112527592	-2.711847400860279e-06	0.06473413854837418	0
712	74.3277161267979	-2.673544486242463e-06	0.0627192035317421	0
713	74.42811112831987	-2.636025556057575e-06	0.06071703881025314	0
714	74.52846112984116	-2.5994124825956533e-06	0.058705125004053116	0
715	74.62885613136314	-2.564402848292957e-06	0.056704092770814896	0
716	74.72920613288443	-2.5306171664851718e-06	0.054694876074790955	0
